kahan06
sudoku inicial: 
Tipo = normal
 0 0 0 7 0 0 0 5 3 
 0 9 0 3 0 0 0 0 4 
 0 0 6 0 4 0 8 0 0 
 0 0 0 0 0 5 0 9 0 
 4 7 0 0 9 6 0 0 0 
 9 0 5 0 3 0 0 0 0 
 0 2 7 5 0 0 0 3 0 
 0 4 9 2 0 0 0 8 7 
 5 0 3 0 0 0 2 4 0 
Tableros = 196
Solucion: 
 2 1 4 7 6 8 9 5 3 
 7 9 8 3 5 2 1 6 4 
 3 5 6 9 4 1 8 7 2 
 8 3 1 4 2 5 7 9 6 
 4 7 2 8 9 6 3 1 5 
 9 6 5 1 3 7 4 2 8 
 1 2 7 5 8 4 6 3 9 
 6 4 9 2 1 3 5 8 7 
 5 8 3 6 7 9 2 4 1 
Tiempo = 7.038484
sudoku inicial: 
Tipo = normal
 0 0 0 7 0 0 0 5 3 
 0 9 0 3 0 0 0 0 4 
 0 0 6 0 4 0 8 0 0 
 0 0 0 0 0 5 0 9 0 
 4 7 0 0 9 6 0 0 0 
 9 0 5 0 3 0 0 0 0 
 0 2 7 5 0 0 0 3 0 
 0 4 9 2 0 0 0 8 7 
 5 0 3 0 0 0 2 4 0 
Tableros = 196
Solucion: 
 2 1 4 7 6 8 9 5 3 
 7 9 8 3 5 2 1 6 4 
 3 5 6 9 4 1 8 7 2 
 8 3 1 4 2 5 7 9 6 
 4 7 2 8 9 6 3 1 5 
 9 6 5 1 3 7 4 2 8 
 1 2 7 5 8 4 6 3 9 
 6 4 9 2 1 3 5 8 7 
 5 8 3 6 7 9 2 4 1 
Tiempo = 7.188957
sudoku inicial: 
Tipo = normal
 0 0 0 7 0 0 0 5 3 
 0 9 0 3 0 0 0 0 4 
 0 0 6 0 4 0 8 0 0 
 0 0 0 0 0 5 0 9 0 
 4 7 0 0 9 6 0 0 0 
 9 0 5 0 3 0 0 0 0 
 0 2 7 5 0 0 0 3 0 
 0 4 9 2 0 0 0 8 7 
 5 0 3 0 0 0 2 4 0 
Tableros = 196
Solucion: 
 2 1 4 7 6 8 9 5 3 
 7 9 8 3 5 2 1 6 4 
 3 5 6 9 4 1 8 7 2 
 8 3 1 4 2 5 7 9 6 
 4 7 2 8 9 6 3 1 5 
 9 6 5 1 3 7 4 2 8 
 1 2 7 5 8 4 6 3 9 
 6 4 9 2 1 3 5 8 7 
 5 8 3 6 7 9 2 4 1 
Tiempo = 7.390828
sudoku inicial: 
Tipo = normal
 0 0 0 7 0 0 0 5 3 
 0 9 0 3 0 0 0 0 4 
 0 0 6 0 4 0 8 0 0 
 0 0 0 0 0 5 0 9 0 
 4 7 0 0 9 6 0 0 0 
 9 0 5 0 3 0 0 0 0 
 0 2 7 5 0 0 0 3 0 
 0 4 9 2 0 0 0 8 7 
 5 0 3 0 0 0 2 4 0 
Tableros = 196
Solucion: 
 2 1 4 7 6 8 9 5 3 
 7 9 8 3 5 2 1 6 4 
 3 5 6 9 4 1 8 7 2 
 8 3 1 4 2 5 7 9 6 
 4 7 2 8 9 6 3 1 5 
 9 6 5 1 3 7 4 2 8 
 1 2 7 5 8 4 6 3 9 
 6 4 9 2 1 3 5 8 7 
 5 8 3 6 7 9 2 4 1 
Tiempo = 7.793014
sudoku inicial: 
Tipo = normal
 0 0 0 7 0 0 0 5 3 
 0 9 0 3 0 0 0 0 4 
 0 0 6 0 4 0 8 0 0 
 0 0 0 0 0 5 0 9 0 
 4 7 0 0 9 6 0 0 0 
 9 0 5 0 3 0 0 0 0 
 0 2 7 5 0 0 0 3 0 
 0 4 9 2 0 0 0 8 7 
 5 0 3 0 0 0 2 4 0 
Tableros = 196
Solucion: 
 2 1 4 7 6 8 9 5 3 
 7 9 8 3 5 2 1 6 4 
 3 5 6 9 4 1 8 7 2 
 8 3 1 4 2 5 7 9 6 
 4 7 2 8 9 6 3 1 5 
 9 6 5 1 3 7 4 2 8 
 1 2 7 5 8 4 6 3 9 
 6 4 9 2 1 3 5 8 7 
 5 8 3 6 7 9 2 4 1 
Tiempo = 8.812989
sudoku inicial: 
Tipo = normal
 0 0 0 7 0 0 0 5 3 
 0 9 0 3 0 0 0 0 4 
 0 0 6 0 4 0 8 0 0 
 0 0 0 0 0 5 0 9 0 
 4 7 0 0 9 6 0 0 0 
 9 0 5 0 3 0 0 0 0 
 0 2 7 5 0 0 0 3 0 
 0 4 9 2 0 0 0 8 7 
 5 0 3 0 0 0 2 4 0 
Tableros = 196
Solucion: 
 2 1 4 7 6 8 9 5 3 
 7 9 8 3 5 2 1 6 4 
 3 5 6 9 4 1 8 7 2 
 8 3 1 4 2 5 7 9 6 
 4 7 2 8 9 6 3 1 5 
 9 6 5 1 3 7 4 2 8 
 1 2 7 5 8 4 6 3 9 
 6 4 9 2 1 3 5 8 7 
 5 8 3 6 7 9 2 4 1 
Tiempo = 10.735299
