kahan06
sudoku inicial: 
Tipo = muy dificil
 0 0 4 3 0 0 8 5 0 
 0 0 0 0 0 0 0 0 2 
 0 0 0 0 0 1 6 0 0 
 0 1 0 0 0 3 0 0 0 
 0 7 0 6 0 0 4 0 0 
 3 0 2 8 0 0 0 0 0 
 6 9 0 5 4 0 0 0 0 
 0 0 5 0 2 0 0 0 3 
 7 0 0 0 0 8 0 0 0 
Tableros = 3
Solucion: 
 2 6 4 3 7 9 8 5 1 
 1 8 7 4 6 5 3 9 2 
 5 3 9 2 8 1 6 4 7 
 4 1 6 7 5 3 2 8 9 
 9 7 8 6 1 2 4 3 5 
 3 5 2 8 9 4 7 1 6 
 6 9 3 5 4 7 1 2 8 
 8 4 5 1 2 6 9 7 3 
 7 2 1 9 3 8 5 6 4 
profundidad: 1 Tiempo = 172.330917
sudoku inicial: 
Tipo = muy dificil
 0 0 4 3 0 0 8 5 0 
 0 0 0 0 0 0 0 0 2 
 0 0 0 0 0 1 6 0 0 
 0 1 0 0 0 3 0 0 0 
 0 7 0 6 0 0 4 0 0 
 3 0 2 8 0 0 0 0 0 
 6 9 0 5 4 0 0 0 0 
 0 0 5 0 2 0 0 0 3 
 7 0 0 0 0 8 0 0 0 
Tableros = 5
Solucion: 
 2 6 4 3 7 9 8 5 1 
 1 8 7 4 6 5 3 9 2 
 5 3 9 2 8 1 6 4 7 
 4 1 6 7 5 3 2 8 9 
 9 7 8 6 1 2 4 3 5 
 3 5 2 8 9 4 7 1 6 
 6 9 3 5 4 7 1 2 8 
 8 4 5 1 2 6 9 7 3 
 7 2 1 9 3 8 5 6 4 
profundidad: 2 Tiempo = 109.377634
sudoku inicial: 
Tipo = muy dificil
 0 0 4 3 0 0 8 5 0 
 0 0 0 0 0 0 0 0 2 
 0 0 0 0 0 1 6 0 0 
 0 1 0 0 0 3 0 0 0 
 0 7 0 6 0 0 4 0 0 
 3 0 2 8 0 0 0 0 0 
 6 9 0 5 4 0 0 0 0 
 0 0 5 0 2 0 0 0 3 
 7 0 0 0 0 8 0 0 0 
Tableros = 11
Solucion: 
 2 6 4 3 7 9 8 5 1 
 1 8 7 4 6 5 3 9 2 
 5 3 9 2 8 1 6 4 7 
 4 1 6 7 5 3 2 8 9 
 9 7 8 6 1 2 4 3 5 
 3 5 2 8 9 4 7 1 6 
 6 9 3 5 4 7 1 2 8 
 8 4 5 1 2 6 9 7 3 
 7 2 1 9 3 8 5 6 4 
profundidad: 5 Tiempo = 46.876612
sudoku inicial: 
Tipo = muy dificil
 0 0 4 3 0 0 8 5 0 
 0 0 0 0 0 0 0 0 2 
 0 0 0 0 0 1 6 0 0 
 0 1 0 0 0 3 0 0 0 
 0 7 0 6 0 0 4 0 0 
 3 0 2 8 0 0 0 0 0 
 6 9 0 5 4 0 0 0 0 
 0 0 5 0 2 0 0 0 3 
 7 0 0 0 0 8 0 0 0 
Tableros = 101
Solucion: 
 2 6 4 3 7 9 8 5 1 
 1 8 7 4 6 5 3 9 2 
 5 3 9 2 8 1 6 4 7 
 4 1 6 7 5 3 2 8 9 
 9 7 8 6 1 2 4 3 5 
 3 5 2 8 9 4 7 1 6 
 6 9 3 5 4 7 1 2 8 
 8 4 5 1 2 6 9 7 3 
 7 2 1 9 3 8 5 6 4 
profundidad: 7 Tiempo = 27.706593
sudoku inicial: 
Tipo = muy dificil
 0 0 4 3 0 0 8 5 0 
 0 0 0 0 0 0 0 0 2 
 0 0 0 0 0 1 6 0 0 
 0 1 0 0 0 3 0 0 0 
 0 7 0 6 0 0 4 0 0 
 3 0 2 8 0 0 0 0 0 
 6 9 0 5 4 0 0 0 0 
 0 0 5 0 2 0 0 0 3 
 7 0 0 0 0 8 0 0 0 
Tableros = 731
Solucion: 
 2 6 4 3 7 9 8 5 1 
 1 8 7 4 6 5 3 9 2 
 5 3 9 2 8 1 6 4 7 
 4 1 6 7 5 3 2 8 9 
 9 7 8 6 1 2 4 3 5 
 3 5 2 8 9 4 7 1 6 
 6 9 3 5 4 7 1 2 8 
 8 4 5 1 2 6 9 7 3 
 7 2 1 9 3 8 5 6 4 
profundidad: 10 Tiempo = 31.434580
sudoku inicial: 
Tipo = muy dificil
 0 0 4 3 0 0 8 5 0 
 0 0 0 0 0 0 0 0 2 
 0 0 0 0 0 1 6 0 0 
 0 1 0 0 0 3 0 0 0 
 0 7 0 6 0 0 4 0 0 
 3 0 2 8 0 0 0 0 0 
 6 9 0 5 4 0 0 0 0 
 0 0 5 0 2 0 0 0 3 
 7 0 0 0 0 8 0 0 0 
Tableros = 805
Solucion: 
 2 6 4 3 7 9 8 5 1 
 1 8 7 4 6 5 3 9 2 
 5 3 9 2 8 1 6 4 7 
 4 1 6 7 5 3 2 8 9 
 9 7 8 6 1 2 4 3 5 
 3 5 2 8 9 4 7 1 6 
 6 9 3 5 4 7 1 2 8 
 8 4 5 1 2 6 9 7 3 
 7 2 1 9 3 8 5 6 4 
profundidad: 12 Tiempo = 32.042913
sudoku inicial: 
Tipo = muy dificil
 0 0 4 3 0 0 8 5 0 
 0 0 0 0 0 0 0 0 2 
 0 0 0 0 0 1 6 0 0 
 0 1 0 0 0 3 0 0 0 
 0 7 0 6 0 0 4 0 0 
 3 0 2 8 0 0 0 0 0 
 6 9 0 5 4 0 0 0 0 
 0 0 5 0 2 0 0 0 3 
 7 0 0 0 0 8 0 0 0 
Tableros = 764
Solucion: 
 2 6 4 3 7 9 8 5 1 
 1 8 7 4 6 5 3 9 2 
 5 3 9 2 8 1 6 4 7 
 4 1 6 7 5 3 2 8 9 
 9 7 8 6 1 2 4 3 5 
 3 5 2 8 9 4 7 1 6 
 6 9 3 5 4 7 1 2 8 
 8 4 5 1 2 6 9 7 3 
 7 2 1 9 3 8 5 6 4 
profundidad: 15 Tiempo = 36.169803
sudoku inicial: 
Tipo = muy dificil
 0 0 4 3 0 0 8 5 0 
 0 0 0 0 0 0 0 0 2 
 0 0 0 0 0 1 6 0 0 
 0 1 0 0 0 3 0 0 0 
 0 7 0 6 0 0 4 0 0 
 3 0 2 8 0 0 0 0 0 
 6 9 0 5 4 0 0 0 0 
 0 0 5 0 2 0 0 0 3 
 7 0 0 0 0 8 0 0 0 
Tableros = 662
Solucion: 
 2 6 4 3 7 9 8 5 1 
 1 8 7 4 6 5 3 9 2 
 5 3 9 2 8 1 6 4 7 
 4 1 6 7 5 3 2 8 9 
 9 7 8 6 1 2 4 3 5 
 3 5 2 8 9 4 7 1 6 
 6 9 3 5 4 7 1 2 8 
 8 4 5 1 2 6 9 7 3 
 7 2 1 9 3 8 5 6 4 
profundidad: 17 Tiempo = 38.646428
sudoku inicial: 
Tipo = muy dificil
 0 0 4 3 0 0 8 5 0 
 0 0 0 0 0 0 0 0 2 
 0 0 0 0 0 1 6 0 0 
 0 1 0 0 0 3 0 0 0 
 0 7 0 6 0 0 4 0 0 
 3 0 2 8 0 0 0 0 0 
 6 9 0 5 4 0 0 0 0 
 0 0 5 0 2 0 0 0 3 
 7 0 0 0 0 8 0 0 0 
Tableros = 839
Solucion: 
 2 6 4 3 7 9 8 5 1 
 1 8 7 4 6 5 3 9 2 
 5 3 9 2 8 1 6 4 7 
 4 1 6 7 5 3 2 8 9 
 9 7 8 6 1 2 4 3 5 
 3 5 2 8 9 4 7 1 6 
 6 9 3 5 4 7 1 2 8 
 8 4 5 1 2 6 9 7 3 
 7 2 1 9 3 8 5 6 4 
profundidad: 20 Tiempo = 46.372372
=>> PBS: job killed: walltime 637 exceeded limit 600
