       100        250                 0.00  0.00 sec.      7.2692e-14
       250        250                 0.00  0.00 sec.      1.7350e-13
       500        250                 0.03  0.03 sec.      2.2556e-12
       750        250                 0.08  0.10 sec.      9.5758e-12
      1000        250                 0.19  0.24 sec.      1.0286e-11
      1250        250                 0.33  0.47 sec.      2.1666e-11
      1500        250                 0.55  0.82 sec.      4.5013e-11
      1750        250                 0.85  1.30 sec.      4.3794e-11
      2000        250                 1.22  1.94 sec.      4.4628e-11
      2250        250                 1.72  2.77 sec.      8.9700e-11
      2500        250                 2.31  3.79 sec.      9.2714e-11
      2750        250                 3.02  5.04 sec.      9.2845e-11
      3000        250                 3.89  6.57 sec.      1.8311e-10
      3250        250                 4.89  8.39 sec.      1.8552e-10
      3500        250                 6.09 10.53 sec.      1.7918e-10
      3750        250                 7.30 12.85 sec.      1.8649e-10
      4000        250                 8.74 15.37 sec.      1.8705e-10
      4250        250                10.65 18.82 sec.      3.6975e-10
      4500        250                12.53 22.29 sec.      3.7599e-10
