       100          1                 0.00 sec.      1.3984e+00
       250          1                 0.04 sec.      2.2459e+00
       500          1                 0.34 sec.      3.2125e+00
       750          1                 1.10 sec.      3.9424e+00
      1000          1                 2.58 sec.      4.5572e+00
      1250          1                 5.17 sec.      5.0950e+00
      1500          1                 9.30 sec.      5.5842e+00
      1750          1                16.22 sec.      6.0307e+00
      2000          1                23.90 sec.      6.4478e+00
      2250          1                39.73 sec.      6.8341e+00
      2500          1                57.26 sec.      7.2092e+00
