1       100        250                 0.00     0.00 sec.      7.2692e-14
1       250        250                 0.00     0.00 sec.      1.7350e-13
1       500        250                 0.03     0.03 sec.      2.2556e-12
1       750        250                 0.10     0.10 sec.      9.5758e-12
1      1000        250                 0.24     0.24 sec.      1.0286e-11
1      1250        250                 0.47     0.47 sec.      2.1666e-11
1      1500        250                 0.82     0.82 sec.      4.5013e-11
1      1750        250                 1.30     1.30 sec.      4.3794e-11
1      2000        250                 1.94     1.94 sec.      4.4628e-11
1      2250        250                 2.76     2.76 sec.      8.9700e-11
1      2500        250                 3.79     3.79 sec.      9.2714e-11