8       100        250                 0.00     0.00 sec.      7.2692e-14
8       250        250                 0.00     0.00 sec.      1.7350e-13
8       500        250                 0.03     0.03 sec.      2.2556e-12
8       750        250                 0.09     0.10 sec.      9.5758e-12
8      1000        250                 0.17     0.24 sec.      1.0286e-11
8      1250        250                 0.28     0.47 sec.      2.1666e-11
8      1500        250                 0.41     0.82 sec.      4.5013e-11
8      1750        250                 0.57     1.30 sec.      4.3794e-11
8      2000        250                 0.76     1.94 sec.      4.4628e-11
8      2250        250                 0.97     2.76 sec.      8.9700e-11
8      2500        250                 1.22     3.79 sec.      9.2714e-11
