16       100        250       0.00    0.00     sec.      7.2692e-14
16       250        250       0.00    0.00     sec.      1.7350e-13
16       500        250       0.04    0.03     sec.      2.2556e-12
16       750        250       0.09    0.10     sec.      9.5758e-12
16      1000        250       0.17    0.24     sec.      1.0286e-11
16      1250        250       0.28    0.47     sec.      2.1666e-11
16      1500        250       0.42    0.82     sec.      4.5013e-11
16      1750        250       0.59    1.30     sec.      4.3794e-11
16      2000        250       0.77    1.94     sec.      4.4628e-11
16      2250        250       0.99    2.76     sec.      8.9700e-11
16      2500        250       1.23    3.79     sec.      9.2714e-11
