2       100        250                 0.00     0.00 sec.      7.2692e-14
2       250        250                 0.00     0.00 sec.      1.7350e-13
2       500        250                 0.03     0.03 sec.      2.2556e-12
2       750        250                 0.08     0.10 sec.      9.5758e-12
2      1000        250                 0.19     0.24 sec.      1.0286e-11
2      1250        250                 0.33     0.47 sec.      2.1666e-11
2      1500        250                 0.56     0.82 sec.      4.5013e-11
2      1750        250                 0.84     1.30 sec.      4.3794e-11
2      2000        250                 1.23     1.94 sec.      4.4628e-11
2      2250        250                 1.70     2.76 sec.      8.9700e-11
2      2500        250                 2.31     3.79 sec.      9.2714e-11
