1       100        250                 0.00 sec.      7.2692e-14
1       250        250                 0.00 sec.      1.7350e-13
1       500        250                 0.03 sec.      2.2556e-12
1       750        250                 0.10 sec.      9.5758e-12
1      1000        250                 0.24 sec.      1.0286e-11
1      1250        250                 0.47 sec.      2.1666e-11
1      1500        250                 0.82 sec.      4.5013e-11
1      1750        250                 1.30 sec.      4.3794e-11
1      2000        250                 1.94 sec.      4.4628e-11
1      2250        250                 2.76 sec.      8.9700e-11
1      2500        250                 3.79 sec.      9.2714e-11
2       100        250                 0.00 sec.      7.2692e-14
2       250        250                 0.00 sec.      1.7350e-13
2       500        250                 0.03 sec.      2.2556e-12
2       750        250                 0.08 sec.      9.5758e-12
2      1000        250                 0.19 sec.      1.0286e-11
2      1250        250                 0.33 sec.      2.1666e-11
2      1500        250                 0.56 sec.      4.5013e-11
2      1750        250                 0.84 sec.      4.3794e-11
2      2000        250                 1.23 sec.      4.4628e-11
2      2250        250                 1.70 sec.      8.9700e-11
2      2500        250                 2.31 sec.      9.2714e-11
4       100        250                 0.00 sec.      7.2692e-14
4       250        250                 0.00 sec.      1.7350e-13
4       500        250                 0.03 sec.      2.2556e-12
4       750        250                 0.09 sec.      9.5758e-12
4      1000        250                 0.17 sec.      1.0286e-11
4      1250        250                 0.28 sec.      2.1666e-11
4      1500        250                 0.42 sec.      4.5013e-11
4      1750        250                 0.63 sec.      4.3794e-11
4      2000        250                 0.86 sec.      4.4628e-11
4      2250        250                 1.18 sec.      8.9700e-11
4      2500        250                 1.53 sec.      9.2714e-11
8       100        250                 0.00 sec.      7.2692e-14
8       250        250                 0.00 sec.      1.7350e-13
8       500        250                 0.03 sec.      2.2556e-12
8       750        250                 0.09 sec.      9.5758e-12
8      1000        250                 0.17 sec.      1.0286e-11
8      1250        250                 0.28 sec.      2.1666e-11
8      1500        250                 0.41 sec.      4.5013e-11
8      1750        250                 0.57 sec.      4.3794e-11
8      2000        250                 0.76 sec.      4.4628e-11
8      2250        250                 0.97 sec.      8.9700e-11
8      2500        250                 1.22 sec.      9.2714e-11
16       100        250                 0.00 sec.      7.2692e-14
16       250        250                 0.00 sec.      1.7350e-13
16       500        250                 0.04 sec.      2.2556e-12
16       750        250                 0.09 sec.      9.5758e-12
16      1000        250                 0.17 sec.      1.0286e-11
16      1250        250                 0.28 sec.      2.1666e-11
16      1500        250                 0.42 sec.      4.5013e-11
16      1750        250                 0.59 sec.      4.3794e-11
16      2000        250                 0.77 sec.      4.4628e-11
16      2250        250                 0.99 sec.      8.9700e-11
16      2500        250                 1.23 sec.      9.2714e-11
32       100        250                 0.00 sec.      7.2692e-14
32       250        250                 0.00 sec.      1.7350e-13
32       500        250                 0.04 sec.      2.2556e-12
32       750        250                 0.10 sec.      9.5758e-12
32      1000        250                 0.18 sec.      1.0286e-11
32      1250        250                 0.30 sec.      2.1666e-11
32      1500        250                 0.43 sec.      4.5013e-11
32      1750        250                 0.60 sec.      4.3794e-11
32      2000        250                 0.78 sec.      4.4628e-11
32      2250        250                 1.00 sec.      8.9700e-11
32      2500        250                 1.24 sec.      9.2714e-11
