32       100        250           0.00    0.00     sec.      7.2692e-14
32       250        250           0.00    0.00     sec.      1.7350e-13
32       500        250           0.04    0.03     sec.      2.2556e-12
32       750        250           0.10    0.10     sec.      9.5758e-12
32      1000        250           0.18    0.24     sec.      1.0286e-11
32      1250        250           0.30    0.47     sec.      2.1666e-11
32      1500        250           0.43    0.82     sec.      4.5013e-11
32      1750        250           0.60    1.30     sec.      4.3794e-11
32      2000        250           0.78    1.94     sec.      4.4628e-11
32      2250        250           1.00    2.76     sec.      8.9700e-11
32      2500        250           1.24    3.79     sec.      9.2714e-11
