4       100        250                 0.00     0.00 sec.      7.2692e-14
4       250        250                 0.00     0.00 sec.      1.7350e-13
4       500        250                 0.03     0.03 sec.      2.2556e-12
4       750        250                 0.09     0.10 sec.      9.5758e-12
4      1000        250                 0.17     0.24 sec.      1.0286e-11
4      1250        250                 0.28     0.47 sec.      2.1666e-11
4      1500        250                 0.42     0.82 sec.      4.5013e-11
4      1750        250                 0.63     1.30 sec.      4.3794e-11
4      2000        250                 0.86     1.94 sec.      4.4628e-11
4      2250        250                 1.18     2.76 sec.      8.9700e-11
4      2500        250                 1.53     3.79 sec.      9.2714e-11
