kahan06
sudoku inicial: 
Tipo = muy dificil
 0 0 4 3 0 0 8 5 0 
 0 0 0 0 0 0 0 0 2 
 0 0 0 0 0 1 6 0 0 
 0 1 0 0 0 3 0 0 0 
 0 7 0 6 0 0 4 0 0 
 3 0 2 8 0 0 0 0 0 
 6 9 0 5 4 0 0 0 0 
 0 0 5 0 2 0 0 0 3 
 7 0 0 0 0 8 0 0 0 
Solucion: 
 2 6 4 3 7 9 8 5 1 
 1 8 7 4 6 5 3 9 2 
 5 3 9 2 8 1 6 4 7 
 4 1 6 7 5 3 2 8 9 
 9 7 8 6 1 2 4 3 5 
 3 5 2 8 9 4 7 1 6 
 6 9 3 5 4 7 1 2 8 
 8 4 5 1 2 6 9 7 3 
 7 2 1 9 3 8 5 6 4 
Tiempo = 300.824305
sudoku inicial: 
Tipo = muy dificil
 0 0 4 3 0 0 8 5 0 
 0 0 0 0 0 0 0 0 2 
 0 0 0 0 0 1 6 0 0 
 0 1 0 0 0 3 0 0 0 
 0 7 0 6 0 0 4 0 0 
 3 0 2 8 0 0 0 0 0 
 6 9 0 5 4 0 0 0 0 
 0 0 5 0 2 0 0 0 3 
 7 0 0 0 0 8 0 0 0 
Solucion: 
 2 6 4 3 7 9 8 5 1 
 1 8 7 4 6 5 3 9 2 
 5 3 9 2 8 1 6 4 7 
 4 1 6 7 5 3 2 8 9 
 9 7 8 6 1 2 4 3 5 
 3 5 2 8 9 4 7 1 6 
 6 9 3 5 4 7 1 2 8 
 8 4 5 1 2 6 9 7 3 
 7 2 1 9 3 8 5 6 4 
Tiempo = 150.256118
sudoku inicial: 
Tipo = muy dificil
 0 0 4 3 0 0 8 5 0 
 0 0 0 0 0 0 0 0 2 
 0 0 0 0 0 1 6 0 0 
 0 1 0 0 0 3 0 0 0 
 0 7 0 6 0 0 4 0 0 
 3 0 2 8 0 0 0 0 0 
 6 9 0 5 4 0 0 0 0 
 0 0 5 0 2 0 0 0 3 
 7 0 0 0 0 8 0 0 0 
Solucion: 
 2 6 4 3 7 9 8 5 1 
 1 8 7 4 6 5 3 9 2 
 5 3 9 2 8 1 6 4 7 
 4 1 6 7 5 3 2 8 9 
 9 7 8 6 1 2 4 3 5 
 3 5 2 8 9 4 7 1 6 
 6 9 3 5 4 7 1 2 8 
 8 4 5 1 2 6 9 7 3 
 7 2 1 9 3 8 5 6 4 
Tiempo = 75.812108
sudoku inicial: 
Tipo = muy dificil
 0 0 4 3 0 0 8 5 0 
 0 0 0 0 0 0 0 0 2 
 0 0 0 0 0 1 6 0 0 
 0 1 0 0 0 3 0 0 0 
 0 7 0 6 0 0 4 0 0 
 3 0 2 8 0 0 0 0 0 
 6 9 0 5 4 0 0 0 0 
 0 0 5 0 2 0 0 0 3 
 7 0 0 0 0 8 0 0 0 
Solucion: 
 2 6 4 3 7 9 8 5 1 
 1 8 7 4 6 5 3 9 2 
 5 3 9 2 8 1 6 4 7 
 4 1 6 7 5 3 2 8 9 
 9 7 8 6 1 2 4 3 5 
 3 5 2 8 9 4 7 1 6 
 6 9 3 5 4 7 1 2 8 
 8 4 5 1 2 6 9 7 3 
 7 2 1 9 3 8 5 6 4 
Tiempo = 40.266469
sudoku inicial: 
Tipo = muy dificil
 0 0 4 3 0 0 8 5 0 
 0 0 0 0 0 0 0 0 2 
 0 0 0 0 0 1 6 0 0 
 0 1 0 0 0 3 0 0 0 
 0 7 0 6 0 0 4 0 0 
 3 0 2 8 0 0 0 0 0 
 6 9 0 5 4 0 0 0 0 
 0 0 5 0 2 0 0 0 3 
 7 0 0 0 0 8 0 0 0 
Solucion: 
 2 6 4 3 7 9 8 5 1 
 1 8 7 4 6 5 3 9 2 
 5 3 9 2 8 1 6 4 7 
 4 1 6 7 5 3 2 8 9 
 9 7 8 6 1 2 4 3 5 
 3 5 2 8 9 4 7 1 6 
 6 9 3 5 4 7 1 2 8 
 8 4 5 1 2 6 9 7 3 
 7 2 1 9 3 8 5 6 4 
Tiempo = 23.519490
=>> PBS: job killed: walltime 604 exceeded limit 600
