+------+------+------+------+------+------+------+------+------+------+------+------+------+------+------+------+------+------+------+------+------+------+------+------+------+------+------+------+------+------+------+------+------+------+------+------+------+------+
| 1980 | 1981 | 1982 | 1983 | 1984 | 1985 | 1986 | 1987 | 1988 | 1989 | 1990 | 1991 | 1992 | 1993 | 1994 | 1995 | 1996 | 1997 | 1998 | 1999 | 2000 | 2001 | 2002 | 2003 | 2004 | 2005 | 2006 | 2007 | 2008 | 2009 | 2010 | 2011 | 2012 | 2013 | 2014 | 2015 | 2016 | 2017 |
+------+------+------+------+------+------+------+------+------+------+------+------+------+------+------+------+------+------+------+------+------+------+------+------+------+------+------+------+------+------+------+------+------+------+------+------+------+------+
|      |      |      |      |      |      |      |      |      |      |      |      |      |      |      |      |      |      |      |      |      |      |      |      |      |      |      |      |      |      |      |      |      |      |      |      |      |      |
+------+------+------+------+------+------+------+------+------+------+------+------+------+------+------+------+------+------+------+------+------+------+------+------+------+------+------+------+------+------+------+------+------+------+------+------+------+------+
| 3809 | 2580 | 619  | 1656 | 3105 | 3522 | 3410 | 600  | 2867 | 682  | 1658 | 800  | 500  | 1009 | 3772 | 2985 | 2974 | 3146 | 3349 | 3911 | 4472 | 4444 | 5131 | 4957 | 4798 | 4635 | 1639 | 1383 | 2210 | 1900 | 1319 | 2213 | 2496 | 2378 | 1916 | 1828 | 396  | 1704 |
+------+------+------+------+------+------+------+------+------+------+------+------+------+------+------+------+------+------+------+------+------+------+------+------+------+------+------+------+------+------+------+------+------+------+------+------+------+------+
| 1105 | 1348 | 75   | 324  | 500  | 600  | 425  | 1016 | 1663 | 2249 | 104  | 2728 | 967  | 4421 | 1001 | 33   | 45   | 56   | 26   | 1177 | 1333 | 1441 | 639  | 1486 | 753  | 1998 | 1719 | 1684 | 1573 | 2289 | 2351 | 2212 | 3197 | 706  | 694  | 1311 | 675  | 744  |
+------+------+------+------+------+------+------+------+------+------+------+------+------+------+------+------+------+------+------+------+------+------+------+------+------+------+------+------+------+------+------+------+------+------+------+------+------+------+
| 1821 | 1950 | 30   | 828  | 0    | 173  | 400  | 100  | 1100 | 136  | 2225 | 190  | 4294 | 2342 | 14   |      |      |      | 830  | 149  | 296  | 288  | 490  | 644  | 339  | 902  | 545  | 1098 | 508  | 2401 | 2388 | 1088 | 414  | 145  | 337  | 2270 | 171  | 177  |
+------+------+------+------+------+------+------+------+------+------+------+------+------+------+------+------+------+------+------+------+------+------+------+------+------+------+------+------+------+------+------+------+------+------+------+------+------+------+
| 623  | 760  | 41   | 874  | 1023 | 200  | 130  |      | 3957 |      | 166  | 1929 | 1573 |      | 1025 | 1014 | 682  | 810  | 2041 | 592  | 756  | 450  | 1928 | 200  | 818  | 155  | 977  | 123  | 162  | 361  | 505  | 3081 | 173  | 160  | 174  | 640  | 512  | 524  |
+------+------+------+------+------+------+------+------+------+------+------+------+------+------+------+------+------+------+------+------+------+------+------+------+------+------+------+------+------+------+------+------+------+------+------+------+------+------+
| 2584 |      | 627  | 50   | 61   | 2733 | 2609 | 66   | 1616 |      | 4000 |      | 1631 |      | 4818 | 3347 | 1041 | 390  | 1437 | 922  | 1043 | 907  | 1514 | 751  | 2022 | 111  | 444  | 610  | 528  | 165  | 722  | 173  | 421  | 437  | 612  | 188  | 719  | 740  |
+------+------+------+------+------+------+------+------+------+------+------+------+------+------+------+------+------+------+------+------+------+------+------+------+------+------+------+------+------+------+------+------+------+------+------+------+------+------+
|      |      | 1922 | 786  | 2370 | 2500 | 200  | 2636 | 2252 |      |      |      | 2318 |      | 1637 | 300  | 1115 | 593  | 1629 | 2300 | 1934 |      | 2499 | 5990 | 132  | 807  | 128  | 1832 | 838  | 560  | 834  | 558  | 734  | 722  | 884  | 541  | 962  | 6903 |
+------+------+------+------+------+------+------+------+------+------+------+------+------+------+------+------+------+------+------+------+------+------+------+------+------+------+------+------+------+------+------+------+------+------+------+------+------+------+
|      |      | 208  | 300  | 1900 |      | 300  | 100  | 755  |      |      |      | 294  |      | 1752 | 2207 | 215  | 568  |      | 282  | 2247 | 120  | 1057 | 1540 | 1995 | 6294 | 486  | 2055 | 879  | 917  | 770  | 835  | 238  | 188  | 265  | 758  | 2698 | 2537 |
+------+------+------+------+------+------+------+------+------+------+------+------+------+------+------+------+------+------+------+------+------+------+------+------+------+------+------+------+------+------+------+------+------+------+------+------+------+------+
|      |      | 375  | 2599 |      |      | 450  | 1879 | 121  |      |      |      | 384  |      | 2642 | 1486 | 1595 | 1350 |      | 1591 | 1579 | 837  | 1639 | 2423 | 1885 | 2273 | 818  | 165  | 6878 | 802  | 2680 | 5253 | 282  | 7007 | 342  | 193  | 2209 | 1951 |
+------+------+------+------+------+------+------+------+------+------+------+------+------+------+------+------+------+------+------+------+------+------+------+------+------+------+------+------+------+------+------+------+------+------+------+------+------+------+
|      |      | 500  | 42   |      |      |      | 2584 | 2192 |      |      |      |      |      | 2057 | 595  | 1759 | 1475 |      | 1908 | 1200 | 2142 | 50   | 1088 | 1306 | 181  | 781  | 1200 | 2213 | 6468 | 990  | 1867 | 5950 | 2742 | 3303 | 302  | 198  | 176  |
+------+------+------+------+------+------+------+------+------+------+------+------+------+------+------+------+------+------+------+------+------+------+------+------+------+------+------+------+------+------+------+------+------+------+------+------+------+------+
|      |      | 318  | 150  |      |      |      | 376  | 214  |      |      |      |      |      | 340  | 217  | 1508 | 1693 |      | 864  | 3974 |      | 3804 | 2145 | 2729 | 2464 | 4420 | 133  | 2046 | 3632 | 2115 | 2091 | 2522 | 2299 | 9176 | 9648 | 654  | 921  |
+------+------+------+------+------+------+------+------+------+------+------+------+------+------+------+------+------+------+------+------+------+------+------+------+------+------+------+------+------+------+------+------+------+------+------+------+------+------+
|      |      | 1030 | 28   |      |      |      |      | 150  |      |      |      |      |      | 445  |      | 677  | 726  |      |      |      |      |      | 2167 | 304  | 1409 | 2506 | 400  | 171  | 2038 | 1229 | 185  | 2297 | 193  | 3038 | 3442 | 3568 | 467  |
+------+------+------+------+------+------+------+------+------+------+------+------+------+------+------+------+------+------+------+------+------+------+------+------+------+------+------+------+------+------+------+------+------+------+------+------+------+------+
|      |      |      |      |      |      |      |      | 2325 |      |      |      |      |      |      |      | 2500 | 905  |      | 1577 |      |      |      | 0    | 991  | 74   | 100  | 1276 | 93   | 178  | 128  | 720  | 167  | 291  | 2289 | 2079 | 45   | 1037 |
+------+------+------+------+------+------+------+------+------+------+------+------+------+------+------+------+------+------+------+------+------+------+------+------+------+------+------+------+------+------+------+------+------+------+------+------+------+------+
|      |      |      |      |      |      |      |      |      |      |      |      |      |      |      |      |      | 1455 |      | 0    |      |      |      | 4918 | 2265 | 1201 | 50   | 750  | 2084 | 2555 | 485  | 2408 | 321  | 588  | 183  | 96   | 1081 | 550  |
+------+------+------+------+------+------+------+------+------+------+------+------+------+------+------+------+------+------+------+------+------+------+------+------+------+------+------+------+------+------+------+------+------+------+------+------+------+------+
|      |      |      |      |      |      |      |      |      |      |      |      |      |      |      |      |      |      |      | 4751 |      |      |      |      | 2135 | 41   | 1282 | 907  | 49   | 1434 | 1158 | 1114 | 48   | 2824 | 837  | 847  | 1183 | 220  |
+------+------+------+------+------+------+------+------+------+------+------+------+------+------+------+------+------+------+------+------+------+------+------+------+------+------+------+------+------+------+------+------+------+------+------+------+------+------+
|      |      |      |      |      |      |      |      |      |      |      |      |      |      |      |      |      |      |      |      |      |      |      |      | 1861 | 2438 | 400  | 1043 | 20   | 2699 | 63   | 1211 | 3122 | 1265 | 391  | 3354 | 1159 | 1172 |
+------+------+------+------+------+------+------+------+------+------+------+------+------+------+------+------+------+------+------+------+------+------+------+------+------+------+------+------+------+------+------+------+------+------+------+------+------+------+
|      |      |      |      |      |      |      |      |      |      |      |      |      |      |      |      |      |      |      |      |      |      |      |      | 2289 | 1151 | 103  | 58   | 1327 | 3485 | 16   | 1652 | 145  | 6123 | 3315 | 999  | 483  | 973  |
+------+------+------+------+------+------+------+------+------+------+------+------+------+------+------+------+------+------+------+------+------+------+------+------+------+------+------+------+------+------+------+------+------+------+------+------+------+------+
|      |      |      |      |      |      |      |      |      |      |      |      |      |      |      |      |      |      |      |      |      |      |      |      |      | 540  | 1153 | 2719 | 2996 | 290  | 0    | 541  | 57   | 1262 | 199  | 1116 | 1585 | 3516 |
+------+------+------+------+------+------+------+------+------+------+------+------+------+------+------+------+------+------+------+------+------+------+------+------+------+------+------+------+------+------+------+------+------+------+------+------+------+------+
|      |      |      |      |      |      |      |      |      |      |      |      |      |      |      |      |      |      |      |      |      |      |      |      |      |      | 2293 | 1994 | 170  | 323  | 991  | 416  | 1221 | 463  | 519  | 539  | 548  | 3027 |
+------+------+------+------+------+------+------+------+------+------+------+------+------+------+------+------+------+------+------+------+------+------+------+------+------+------+------+------+------+------+------+------+------+------+------+------+------+------+
|      |      |      |      |      |      |      |      |      |      |      |      |      |      |      |      |      |      |      |      |      |      |      |      |      |      | 1574 | 1112 | 224  | 1273 | 206  | 1875 | 569  | 923  | 43   | 1025 | 565  | 1484 |
+------+------+------+------+------+------+------+------+------+------+------+------+------+------+------+------+------+------+------+------+------+------+------+------+------+------+------+------+------+------+------+------+------+------+------+------+------+------+
|      |      |      |      |      |      |      |      |      |      |      |      |      |      |      |      |      |      |      |      |      |      |      |      |      |      |      | 328  | 1147 | 3020 | 3004 |      | 919  | 342  | 1286 | 1326 | 917  | 618  |
+------+------+------+------+------+------+------+------+------+------+------+------+------+------+------+------+------+------+------+------+------+------+------+------+------+------+------+------+------+------+------+------+------+------+------+------+------+------+
|      |      |      |      |      |      |      |      |      |      |      |      |      |      |      |      |      |      |      |      |      |      |      |      |      |      |      | 362  | 58   | 2171 | 4814 |      | 479  | 164  | 336  | 31   | 392  | 413  |
+------+------+------+------+------+------+------+------+------+------+------+------+------+------+------+------+------+------+------+------+------+------+------+------+------+------+------+------+------+------+------+------+------+------+------+------+------+------+
|      |      |      |      |      |      |      |      |      |      |      |      |      |      |      |      |      |      |      |      |      |      |      |      |      |      |      | 1432 | 2897 | 915  | 673  |      | 1275 | 3309 | 975  | 1315 | 604  | 13   |
+------+------+------+------+------+------+------+------+------+------+------+------+------+------+------+------+------+------+------+------+------+------+------+------+------+------+------+------+------+------+------+------+------+------+------+------+------+------+
|      |      |      |      |      |      |      |      |      |      |      |      |      |      |      |      |      |      |      |      |      |      |      |      |      |      |      | 21   | 2210 | 1370 | 371  |      | 148  | 2820 | 558  | 348  | 482  |      |
+------+------+------+------+------+------+------+------+------+------+------+------+------+------+------+------+------+------+------+------+------+------+------+------+------+------+------+------+------+------+------+------+------+------+------+------+------+------+
|      |      |      |      |      |      |      |      |      |      |      |      |      |      |      |      |      |      |      |      |      |      |      |      |      |      |      | 4817 | 867  | 621  | 1058 |      | 3300 | 1242 | 1587 | 186  | 3143 |      |
+------+------+------+------+------+------+------+------+------+------+------+------+------+------+------+------+------+------+------+------+------+------+------+------+------+------+------+------+------+------+------+------+------+------+------+------+------+------+
|      |      |      |      |      |      |      |      |      |      |      |      |      |      |      |      |      |      |      |      |      |      |      |      |      |      |      |      | 2804 | 2355 | 24   |      | 2795 | 1389 | 222  | 223  | 5571 |      |
+------+------+------+------+------+------+------+------+------+------+------+------+------+------+------+------+------+------+------+------+------+------+------+------+------+------+------+------+------+------+------+------+------+------+------+------+------+------+
|      |      |      |      |      |      |      |      |      |      |      |      |      |      |      |      |      |      |      |      |      |      |      |      |      |      |      |      | 155  | 319  | 221  |      | 1507 | 449  | 3085 | 2663 |      |      |
+------+------+------+------+------+------+------+------+------+------+------+------+------+------+------+------+------+------+------+------+------+------+------+------+------+------+------+------+------+------+------+------+------+------+------+------+------+------+
|      |      |      |      |      |      |      |      |      |      |      |      |      |      |      |      |      |      |      |      |      |      |      |      |      |      |      |      | 258  | 429  | 103  |      | 1484 | 161  | 2909 | 423  |      |      |
+------+------+------+------+------+------+------+------+------+------+------+------+------+------+------+------+------+------+------+------+------+------+------+------+------+------+------+------+------+------+------+------+------+------+------+------+------+------+
|      |      |      |      |      |      |      |      |      |      |      |      |      |      |      |      |      |      |      |      |      |      |      |      |      |      |      |      | 1464 | 23   | 1558 |      | 539  | 447  | 1805 | 737  |      |      |
+------+------+------+------+------+------+------+------+------+------+------+------+------+------+------+------+------+------+------+------+------+------+------+------+------+------+------+------+------+------+------+------+------+------+------+------+------+------+
|      |      |      |      |      |      |      |      |      |      |      |      |      |      |      |      |      |      |      |      |      |      |      |      |      |      |      |      | 51   |      | 905  |      | 567  | 371  | 567  | 381  |      |      |
+------+------+------+------+------+------+------+------+------+------+------+------+------+------+------+------+------+------+------+------+------+------+------+------+------+------+------+------+------+------+------+------+------+------+------+------+------+------+
|      |      |      |      |      |      |      |      |      |      |      |      |      |      |      |      |      |      |      |      |      |      |      |      |      |      |      |      | 2681 |      | 908  |      | 843  | 19   | 982  | 1810 |      |      |
+------+------+------+------+------+------+------+------+------+------+------+------+------+------+------+------+------+------+------+------+------+------+------+------+------+------+------+------+------+------+------+------+------+------+------+------+------+------+
|      |      |      |      |      |      |      |      |      |      |      |      |      |      |      |      |      |      |      |      |      |      |      |      |      |      |      |      |      |      | 528  |      | 271  | 3118 | 400  | 3963 |      |      |
+------+------+------+------+------+------+------+------+------+------+------+------+------+------+------+------+------+------+------+------+------+------+------+------+------+------+------+------+------+------+------+------+------+------+------+------+------+------+
|      |      |      |      |      |      |      |      |      |      |      |      |      |      |      |      |      |      |      |      |      |      |      |      |      |      |      |      |      |      | 245  |      | 258  | 25   | 620  | 2521 |      |      |
+------+------+------+------+------+------+------+------+------+------+------+------+------+------+------+------+------+------+------+------+------+------+------+------+------+------+------+------+------+------+------+------+------+------+------+------+------+------+
|      |      |      |      |      |      |      |      |      |      |      |      |      |      |      |      |      |      |      |      |      |      |      |      |      |      |      |      |      |      | 3050 |      | 287  | 5105 | 354  |      |      |      |
+------+------+------+------+------+------+------+------+------+------+------+------+------+------+------+------+------+------+------+------+------+------+------+------+------+------+------+------+------+------+------+------+------+------+------+------+------+------+
|      |      |      |      |      |      |      |      |      |      |      |      |      |      |      |      |      |      |      |      |      |      |      |      |      |      |      |      |      |      |      |      | 921  |      | 236  |      |      |      |
+------+------+------+------+------+------+------+------+------+------+------+------+------+------+------+------+------+------+------+------+------+------+------+------+------+------+------+------+------+------+------+------+------+------+------+------+------+------+
|      |      |      |      |      |      |      |      |      |      |      |      |      |      |      |      |      |      |      |      |      |      |      |      |      |      |      |      |      |      |      |      | 206  |      | 3915 |      |      |      |
+------+------+------+------+------+------+------+------+------+------+------+------+------+------+------+------+------+------+------+------+------+------+------+------+------+------+------+------+------+------+------+------+------+------+------+------+------+------+
|      |      |      |      |      |      |      |      |      |      |      |      |      |      |      |      |      |      |      |      |      |      |      |      |      |      |      |      |      |      |      |      | 2481 |      |      |      |      |      |
+------+------+------+------+------+------+------+------+------+------+------+------+------+------+------+------+------+------+------+------+------+------+------+------+------+------+------+------+------+------+------+------+------+------+------+------+------+------+
|      |      |      |      |      |      |      |      |      |      |      |      |      |      |      |      |      |      |      |      |      |      |      |      |      |      |      |      |      |      |      |      | 28   |      |      |      |      |      |
+------+------+------+------+------+------+------+------+------+------+------+------+------+------+------+------+------+------+------+------+------+------+------+------+------+------+------+------+------+------+------+------+------+------+------+------+------+------+
|      |      |      |      |      |      |      |      |      |      |      |      |      |      |      |      |      |      |      |      |      |      |      |      |      |      |      |      |      |      |      |      | 4803 |      |      |      |      |      |
+------+------+------+------+------+------+------+------+------+------+------+------+------+------+------+------+------+------+------+------+------+------+------+------+------+------+------+------+------+------+------+------+------+------+------+------+------+------+