kahan02
       100        250                 0.00 sec.      7.2692e-14
       250        250                 0.00 sec.      1.7350e-13
       500        250                 0.03 sec.      2.2556e-12
       750        250                 0.09 sec.      9.5758e-12
      1000        250                 0.17 sec.      1.0286e-11
      1250        250                 0.28 sec.      2.1666e-11
      1500        250                 0.42 sec.      4.5013e-11
      1750        250                 0.57 sec.      4.3794e-11
      2000        250                 0.75 sec.      4.4628e-11
      2250        250                 0.97 sec.      8.9700e-11
      2500        250                 1.22 sec.      9.2714e-11
      2750        250                 1.52 sec.      9.2845e-11
      3000        250                 1.90 sec.      1.8311e-10
      3250        250                 2.29 sec.      1.8552e-10
      3500        250                 2.76 sec.      1.7918e-10
      3750        250                 3.28 sec.      1.8649e-10
      4000        250                 3.76 sec.      1.8705e-10
      4250        250                 4.51 sec.      3.6975e-10
      4500        250                 5.12 sec.      3.7599e-10
