kahan06
       100        250                 0.00 sec.      7.2692e-14
       100          1                 0.00 sec.      1.3984e+00
       250        250                 0.00 sec.      1.7350e-13
       250          1                 0.04 sec.      2.2459e+00
       500        250                 0.03 sec.      2.2556e-12
       500          1                 0.34 sec.      3.2125e+00
       750        250                 0.10 sec.      9.5758e-12
       750          1                 1.10 sec.      3.9424e+00
      1000        250                 0.24 sec.      1.0286e-11
      1000          1                 2.58 sec.      4.5572e+00
      1250        250                 0.47 sec.      2.1666e-11
      1250          1                 5.17 sec.      5.0950e+00
      1500        250                 0.82 sec.      4.5013e-11
      1500          1                 9.30 sec.      5.5842e+00
      1750        250                 1.30 sec.      4.3794e-11
      1750          1                16.22 sec.      6.0307e+00
      2000        250                 1.93 sec.      4.4628e-11
      2000          1                23.90 sec.      6.4478e+00
kahan06
      2250        250                 2.76 sec.      8.9700e-11
      2250          1                39.73 sec.      6.8341e+00
      2500        250                 3.79 sec.      9.2714e-11
      2500          1                57.26 sec.      7.2092e+00
