[L,U]=lu(L11);
whos
  Name        Size              Bytes  Class     Attributes    

  A         438x438             62552  double    sparse        
  B         438x438             10552  double    sparse        
  L         219x219            111840  double    sparse        
  L11       219x219             29456  double    global, sparse
  L21       219x1                1752  double    global        
  L22       219x219             29584  double    global, sparse
  M11       219x1                1752  double    global        
  M12       219x1                1752  double    global        
  U         219x219            111840  double    sparse        
  n           1x1                   8  double                  

spy(L)
spy(U)
219*219

ans =

       47961

crea_matriz
{Error using <a href="matlab:matlab.internal.language.introspective.errorDocCallback('load')" style="font-weight:bold">load</a>
Unable to read file 'B1.txt'. No such file or directory.

Error in <a href="matlab:matlab.internal.language.introspective.errorDocCallback('crea_matriz', '/Users/zhon/Documents/MCPD/ACCI/crea_matriz.m', 2)" style="font-weight:bold">crea_matriz</a> (<a href="matlab: opentoline('/Users/zhon/Documents/MCPD/ACCI/crea_matriz.m',2,0)">line 2</a>)
b=load('B1.txt');
} 
A

A =

   (1,1)      18.1923
   (2,1)      -2.1878
   (3,1)       6.0968
   (4,1)      -5.2800
   (6,1)       6.0968
  (16,1)      -2.0653
  (17,1)       2.3848
 (220,1)      -6.1769
   (1,2)      -2.1878
   (2,2)      21.9607
   (5,2)      -1.7600
  (16,2)      -2.3848
  (17,2)       2.7538
 (221,2)      -6.1769
   (1,3)       6.0968
   (3,3)      37.0554
   (4,3)      -6.0968
   (6,3)       7.0400
  (18,3)      -0.6884
 (222,3)      -6.1769
   (1,4)      -5.2800
   (3,4)      -6.0968
   (4,4)      35.0645
   (5,4)      -4.3755
   (6,4)      -1.5242
   (7,4)      -3.9600
   (9,4)       4.5726
  (19,4)      -4.1307
  (20,4)       4.7697
 (223,4)     -12.3537
   (2,5)      -1.7600
   (4,5)      -4.3755
   (5,5)      43.4814
   (8,5)      -1.3200
  (19,5)      -4.7697
  (20,5)       5.5076
 (224,5)     -12.3537
   (1,6)       6.0968
   (3,6)       7.0400
   (4,6)      -1.5242
   (6,6)      40.6708
   (7,6)      -4.5726
   (9,6)       5.2800
  (21,6)      -1.3769
 (225,6)     -12.3537
   (4,7)      -3.9600
   (6,7)      -4.5726
   (7,7)      33.7445
   (8,7)      -4.3755
  (10,7)      -3.9600
  (12,7)       4.5726
  (22,7)      -4.1307
  (23,7)       4.7697
 (226,7)     -12.3537
   (5,8)      -1.3200
   (7,8)      -4.3755
   (8,8)      43.0414
  (11,8)      -1.3200
  (22,8)      -4.7697
  (23,8)       5.5076
 (227,8)     -12.3537
   (4,9)       4.5726
   (6,9)       5.2800
   (9,9)      38.9108
  (10,9)      -4.5726
  (12,9)       5.2800
  (24,9)      -1.3769
 (228,9)     -12.3537
   (7,10)     -3.9600
   (9,10)     -4.5726
  (10,10)     33.7445
  (11,10)     -4.3755
  (13,10)     -3.9600
  (15,10)      4.5726
  (25,10)     -4.1307
  (26,10)      4.7697
 (229,10)    -12.3537
   (8,11)     -1.3200
  (10,11)     -4.3755
  (11,11)     43.0414
  (14,11)     -1.3200
  (25,11)     -4.7697
  (26,11)      5.5076
 (230,11)    -12.3537
   (7,12)      4.5726
   (9,12)      5.2800
  (12,12)     38.9108
  (13,12)     -4.5726
  (15,12)      5.2800
  (27,12)     -1.3769
 (231,12)    -12.3537
  (10,13)     -3.9600
  (12,13)     -4.5726
  (13,13)     37.5339
  (14,13)     -4.5726
  (15,13)      4.5726
  (28,13)     -3.9600
  (29,13)      4.5726
 (232,13)    -12.3537
  (11,14)     -1.3200
  (13,14)     -4.5726
  (14,14)     44.1339
  (28,14)     -4.5726
  (29,14)      5.2800
 (233,14)    -12.3537
  (10,15)      4.5726
  (12,15)      5.2800
  (13,15)      4.5726
  (15,15)     44.1339
  (30,15)     -1.3200
 (234,15)    -12.3537
   (1,16)     -2.0653
   (2,16)     -2.3848
  (16,16)     17.3190
  (17,16)      0.1049
  (18,16)      6.6460
  (19,16)     -5.7556
  (21,16)      6.6460
  (37,16)     -2.1562
  (38,16)      2.4897
 (235,16)     -4.5716
   (1,17)      2.3848
   (2,17)      2.7538
  (16,17)      0.1049
  (17,17)     20.6447
  (20,17)     -1.9185
  (37,17)     -2.4897
  (38,17)      2.8749
 (236,17)     -4.5716
   (3,18)     -0.6884
  (16,18)      6.6460
  (18,18)     39.4456
  (19,18)     -6.6460
  (21,18)      7.6741
  (39,18)     -0.7187
 (237,18)     -4.5716
   (4,19)     -4.1307
   (5,19)     -4.7697
  (16,19)     -5.7556
  (18,19)     -6.6460
  (19,19)     33.1991
  (20,19)      0.2098
  (21,19)     -1.6615
  (22,19)     -4.3167
  (24,19)      4.9845
  (40,19)     -4.3123
  (41,19)      4.9795
 (238,19)     -9.1431
   (4,20)      4.7697
   (5,20)      5.5076
  (17,20)     -1.9185
  (19,20)      0.2098
  (20,20)     40.8097
  (23,20)     -1.4389
  (40,20)     -4.9795
  (41,20)      5.7498
 (239,20)     -9.1431
   (6,21)     -1.3769
  (16,21)      6.6460
  (18,21)      7.6741
  (19,21)     -1.6615
  (21,21)     42.4390
  (22,21)     -4.9845
  (24,21)      5.7556
  (42,21)     -1.4374
 (240,21)     -9.1431
   (7,22)     -4.1307
   (8,22)     -4.7697
  (19,22)     -4.3167
  (21,22)     -4.9845
  (22,22)     31.7602
  (23,22)      0.2098
  (25,22)     -4.3167
  (27,22)      4.9845
  (43,22)     -4.3123
  (44,22)      4.9795
 (241,22)     -9.1431
   (7,23)      4.7697
   (8,23)      5.5076
  (20,23)     -1.4389
  (22,23)      0.2098
  (23,23)     40.3301
  (26,23)     -1.4389
  (43,23)     -4.9795
  (44,23)      5.7498
 (242,23)     -9.1431
   (9,24)     -1.3769
  (19,24)      4.9845
  (21,24)      5.7556
  (24,24)     40.5205
  (25,24)     -4.9845
  (27,24)      5.7556
  (45,24)     -1.4374
 (243,24)     -9.1431
  (10,25)     -4.1307
  (11,25)     -4.7697
  (22,25)     -4.3167
  (24,25)     -4.9845
  (25,25)     31.5791
  (26,25)      0.2155
  (27,25)     -0.2148
  (28,25)     -4.1307
  (30,25)      4.7697
  (46,25)     -4.3173
  (47,25)      4.9852
 (244,25)     -9.1431
  (10,26)      4.7697
  (11,26)      5.5076
  (23,26)     -1.4389
  (25,26)      0.2155
  (26,26)     40.2747
  (29,26)     -1.3769
  (46,26)     -4.9852
  (47,26)      5.7564
 (245,26)     -9.1431
  (12,27)     -1.3769
  (22,27)      4.9845
  (24,27)      5.7556
  (25,27)     -0.2148
  (27,27)     40.2741
  (28,27)     -4.7697
  (30,27)      5.5076
  (48,27)     -1.4391
 (246,27)     -9.1431
  (13,28)     -3.9600
  (14,28)     -4.5726
  (25,28)     -4.1307
  (27,28)     -4.7697
  (28,28)     29.9552
  (29,28)      0.1971
  (30,28)     -0.1971
  (31,28)     -3.9600
  (33,28)      4.5726
  (49,28)     -4.1307
  (50,28)      4.7697
 (247,28)    -12.3537
  (13,29)      4.5726
  (14,29)      5.2800
  (26,29)     -1.3769
  (28,29)      0.1971
  (29,29)     37.8183
  (32,29)     -1.3200
  (49,29)     -4.7697
  (50,29)      5.5076
 (248,29)    -12.3537
  (15,30)     -1.3200
  (25,30)      4.7697
  (27,30)      5.5076
  (28,30)     -0.1971
  (30,30)     37.8183
  (31,30)     -4.5726
  (33,30)      5.2800
  (51,30)     -1.3769
 (249,30)    -12.3537
  (28,31)     -3.9600
  (30,31)     -4.5726
  (31,31)     33.7445
  (32,31)     -4.3755
  (34,31)     -3.9600
  (36,31)      4.5726
  (52,31)     -4.1307
  (53,31)      4.7697
 (250,31)    -12.3537
  (29,32)     -1.3200
  (31,32)     -4.3755
  (32,32)     43.0414
  (35,32)     -1.3200
  (52,32)     -4.7697
  (53,32)      5.5076
 (251,32)    -12.3537
  (28,33)      4.5726
  (30,33)      5.2800
  (33,33)     38.9108
  (34,33)     -4.5726
  (36,33)      5.2800
  (54,33)     -1.3769
 (252,33)    -12.3537
  (31,34)     -3.9600
  (33,34)     -4.5726
  (34,34)     37.5339
  (35,34)     -4.5726
  (36,34)      4.5726
  (55,34)     -3.9600
  (56,34)      4.5726
 (253,34)    -12.3537
  (32,35)     -1.3200
  (34,35)     -4.5726
  (35,35)     44.1339
  (55,35)     -4.5726
  (56,35)      5.2800
 (254,35)    -12.3537
  (31,36)      4.5726
  (33,36)      5.2800
  (34,36)      4.5726
  (36,36)     44.1339
  (57,36)     -1.3200
 (255,36)    -12.3537
  (16,37)     -2.1562
  (17,37)     -2.4897
  (37,37)     17.3432
  (39,37)      6.6326
  (40,37)     -5.7440
  (42,37)      6.6326
  (61,37)     -2.1562
  (62,37)      2.4897
 (256,37)     -4.7461
  (16,38)      2.4897
  (17,38)      2.8749
  (38,38)     20.6953
  (41,38)     -1.9147
  (61,38)     -2.4897
  (62,38)      2.8749
 (257,38)     -4.7461
  (18,39)     -0.7187
  (37,39)      6.6326
  (39,39)     39.3590
  (40,39)     -6.6326
  (42,39)      7.6587
  (63,39)     -0.7187
 (258,39)     -4.7461
  (19,40)     -4.3123
  (20,40)     -4.9795
  (37,40)     -5.7440
  (39,40)     -6.6326
  (40,40)     33.2461
  (41,40)     -0.0050
  (42,40)     -1.6581
  (43,40)     -4.3080
  (45,40)      4.9744
  (64,40)     -4.3080
  (65,40)      4.9744
 (259,40)     -9.4923
  (19,41)      4.9795
  (20,41)      5.7498
  (38,41)     -1.9147
  (40,41)     -0.0050
  (41,41)     40.9062
  (44,41)     -1.4360
  (64,41)     -4.9744
  (65,41)      5.7440
 (260,41)     -9.4923
  (21,42)     -1.4374
  (37,42)      6.6326
  (39,42)      7.6587
  (40,42)     -1.6581
  (42,42)     42.3378
  (43,42)     -4.9744
  (45,42)      5.7440
  (66,42)     -1.4360
 (261,42)     -9.4923
  (22,43)     -4.3123
  (23,43)     -4.9795
  (40,43)     -4.3080
  (42,43)     -4.9744
  (43,43)     31.8194
  (45,43)      0.0057
  (46,43)     -4.3129
  (48,43)      4.9802
  (67,43)     -4.3123
  (68,43)      4.9795
 (262,43)     -9.4923
  (22,44)      4.9795
  (23,44)      5.7498
  (41,44)     -1.4360
  (44,44)     40.4350
  (47,44)     -1.4376
  (67,44)     -4.9795
  (68,44)      5.7498
 (263,44)     -9.4923
  (24,45)     -1.4374
  (40,45)      4.9744
  (42,45)      5.7440
  (43,45)      0.0057
  (45,45)     40.4312
  (46,45)     -4.9802
  (48,45)      5.7506
  (69,45)     -1.4374
 (264,45)     -9.4923
  (25,46)     -4.3173
  (26,46)     -4.9852
  (43,46)     -4.3129
  (45,46)     -4.9802
  (46,46)     31.8678
  (47,46)     -0.0050
  (48,46)      0.0050
  (49,46)     -4.3173
  (51,46)      4.9852
  (70,46)     -4.3129
  (71,46)      4.9802
 (265,46)     -9.1036
  (25,47)      4.9852
  (26,47)      5.7564
  (44,47)     -1.4376
  (46,47)     -0.0050
  (47,47)     40.5054
  (50,47)     -1.4391
  (70,47)     -4.9802
  (71,47)      5.7506
 (266,47)     -9.1036
  (27,48)     -1.4391
  (43,48)      4.9802
  (45,48)      5.7506
  (46,48)      0.0050
  (48,48)     40.5054
  (49,48)     -4.9852
  (51,48)      5.7564
  (72,48)     -1.4376
 (267,48)     -9.1036
  (28,49)     -4.1307
  (29,49)     -4.7697
  (46,49)     -4.3173
  (48,49)     -4.9852
  (49,49)     31.7639
  (50,49)      0.2134
  (51,49)     -0.0007
  (52,49)     -4.3167
  (54,49)      4.9845
  (73,49)     -4.3155
  (74,49)      4.9831
 (268,49)     -9.1431
  (28,50)      4.7697
  (29,50)      5.5076
  (47,50)     -1.4391
  (49,50)      0.2134
  (50,50)     40.3345
  (53,50)     -1.4389
  (73,50)     -4.9831
  (74,50)      5.7540
 (269,50)     -9.1431
  (30,51)     -1.3769
  (46,51)      4.9852
  (48,51)      5.7564
  (49,51)     -0.0007
  (51,51)     40.5223
  (52,51)     -4.9845
  (54,51)      5.7556
  (75,51)     -1.4385
 (270,51)     -9.1431
  (31,52)     -4.1307
  (32,52)     -4.7697
  (49,52)     -4.3167
  (51,52)     -4.9845
  (52,52)     31.5785
  (53,52)      0.2148
  (54,52)     -0.2148
  (55,52)     -4.1307
  (57,52)      4.7697
  (76,52)     -4.3167
  (77,52)      4.9845
 (271,52)     -9.1431
  (31,53)      4.7697
  (32,53)      5.5076
  (50,53)     -1.4389
  (52,53)      0.2148
  (53,53)     40.2739
  (56,53)     -1.3769
  (76,53)     -4.9845
  (77,53)      5.7556
 (272,53)     -9.1431
  (33,54)     -1.3769
  (49,54)      4.9845
  (51,54)      5.7556
  (52,54)     -0.2148
  (54,54)     40.2739
  (55,54)     -4.7697
  (57,54)      5.5076
  (78,54)     -1.4389
 (273,54)     -9.1431
  (34,55)     -3.9600
  (35,55)     -4.5726
  (52,55)     -4.1307
  (54,55)     -4.7697
  (55,55)     29.9552
  (56,55)      0.1971
  (57,55)     -0.1971
  (58,55)     -3.9600
  (60,55)      4.5726
  (79,55)     -4.1307
  (80,55)      4.7697
 (274,55)    -12.3537
  (34,56)      4.5726
  (35,56)      5.2800
  (53,56)     -1.3769
  (55,56)      0.1971
  (56,56)     37.8183
  (59,56)     -1.3200
  (79,56)     -4.7697
  (80,56)      5.5076
 (275,56)    -12.3537
  (36,57)     -1.3200
  (52,57)      4.7697
  (54,57)      5.5076
  (55,57)     -0.1971
  (57,57)     37.8183
  (58,57)     -4.5726
  (60,57)      5.2800
  (81,57)     -1.3769
 (276,57)    -12.3537
  (55,58)     -3.9600
  (57,58)     -4.5726
  (58,58)     37.5339
  (59,58)     -4.5726
  (60,58)      4.5726
  (82,58)     -3.9600
  (83,58)      4.5726
 (277,58)    -12.3537
  (56,59)     -1.3200
  (58,59)     -4.5726
  (59,59)     44.1339
  (82,59)     -4.5726
  (83,59)      5.2800
 (278,59)    -12.3537
  (55,60)      4.5726
  (57,60)      5.2800
  (58,60)      4.5726
  (60,60)     44.1339
  (84,60)     -1.3200
 (279,60)    -12.3537
  (37,61)     -2.1562
  (38,61)     -2.4897
  (61,61)     17.3556
  (63,61)      6.6371
  (64,61)     -5.7479
  (66,61)      6.6371
  (85,61)     -2.1562
  (86,61)      2.4897
 (280,61)     -4.5780
  (37,62)      2.4897
  (38,62)      2.8749
  (62,62)     20.7167
  (65,62)     -1.9160
  (85,62)     -2.4897
  (86,62)      2.8749
 (281,62)     -4.5780
  (39,63)     -0.7187
  (61,63)      6.6371
  (63,63)     39.4190
  (64,63)     -6.6371
  (66,63)      7.6638
  (87,63)     -0.7187
 (282,63)     -4.5780
  (40,64)     -4.3080
  (41,64)     -4.9744
  (61,64)     -5.7479
  (63,64)     -6.6371
  (64,64)     33.2549
  (65,64)      0.0057
  (66,64)     -1.6576
  (67,64)     -4.3123
  (69,64)      4.9795
  (88,64)     -4.3129
  (89,64)      4.9802
 (283,64)     -9.4923
  (40,65)      4.9744
  (41,65)      5.7440
  (62,65)     -1.9160
  (64,65)      0.0057
  (65,65)     40.9097
  (68,65)     -1.4374
  (88,65)     -4.9802
  (89,65)      5.7506
 (284,65)     -9.4923
  (42,66)     -1.4360
  (61,66)      6.6371
  (63,66)      7.6638
  (64,66)     -1.6576
  (66,66)     42.3490
  (67,66)     -4.9795
  (69,66)      5.7498
  (90,66)     -1.4376
 (285,66)     -9.4923
  (43,67)     -4.3123
  (44,67)     -4.9795
  (64,67)     -4.3123
  (66,67)     -4.9795
  (67,67)     31.8410
  (68,67)      0.0010
  (70,67)     -4.3123
  (72,67)      4.9795
  (91,67)     -4.3132
  (92,67)      4.9805
 (286,67)     -9.1560
  (43,68)      4.9795
  (44,68)      5.7498
  (65,68)     -1.4374
  (67,68)      0.0010
  (68,68)     40.4776
  (71,68)     -1.4374
  (91,68)     -4.9805
  (92,68)      5.7510
 (287,68)     -9.1560
  (45,69)     -1.4374
  (64,69)      4.9795
  (66,69)      5.7498
  (69,69)     40.4767
  (70,69)     -4.9795
  (72,69)      5.7498
  (93,69)     -1.4377
 (288,69)     -9.1560
  (46,70)     -4.3129
  (47,70)     -4.9802
  (67,70)     -4.3123
  (69,70)     -4.9795
  (70,70)     31.8231
  (72,70)     -0.0014
  (73,70)     -4.3111
  (75,70)      4.9781
  (94,70)     -4.3129
  (95,70)      4.9802
 (289,70)     -9.4923
  (46,71)      4.9802
  (47,71)      5.7506
  (68,71)     -1.4374
  (71,71)     40.4374
  (74,71)     -1.4370
  (94,71)     -4.9802
  (95,71)      5.7506
 (290,71)     -9.4923
  (48,72)     -1.4376
  (67,72)      4.9795
  (69,72)      5.7498
  (70,72)     -0.0014
  (72,72)     40.4350
  (73,72)     -4.9781
  (75,72)      5.7482
  (96,72)     -1.4376
 (291,72)     -9.4923
  (49,73)     -4.3155
  (50,73)     -4.9831
  (70,73)     -4.3111
  (72,73)     -4.9781
  (73,73)     31.8465
  (74,73)     -0.0040
  (75,73)      0.0050
  (76,73)     -4.3155
  (78,73)      4.9831
  (97,73)     -4.3120
  (98,73)      4.9791
 (292,73)     -9.2442
  (49,74)      4.9831
  (50,74)      5.7540
  (71,74)     -1.4370
  (73,74)     -0.0040
  (74,74)     40.4761
  (77,74)     -1.4385
  (97,74)     -4.9791
  (98,74)      5.7494
 (293,74)     -9.2442
  (51,75)     -1.4385
  (70,75)      4.9781
  (72,75)      5.7482
  (73,75)      0.0050
  (75,75)     40.4752
  (76,75)     -4.9831
  (78,75)      5.7540
  (99,75)     -1.4373
 (294,75)     -9.2442
  (52,76)     -4.3167
  (53,76)     -4.9845
  (73,76)     -4.3155
  (75,76)     -4.9831
  (76,76)     31.9482
  (77,76)     -0.0014
  (78,76)      0.0014
  (79,76)     -4.3167
  (81,76)      4.9845
 (100,76)     -4.3155
 (101,76)      4.9831
 (295,76)     -9.1431
  (52,77)      4.9845
  (53,77)      5.7556
  (74,77)     -1.4385
  (76,77)     -0.0014
  (77,77)     40.5820
  (80,77)     -1.4389
 (100,77)     -4.9831
 (101,77)      5.7540
 (296,77)     -9.1431
  (54,78)     -1.4389
  (73,78)      4.9831
  (75,78)      5.7540
  (76,78)      0.0014
  (78,78)     40.5820
  (79,78)     -4.9845
  (81,78)      5.7556
 (102,78)     -1.4385
 (297,78)     -9.1431
  (55,79)     -4.1307
  (56,79)     -4.7697
  (76,79)     -4.3167
  (78,79)     -4.9845
  (79,79)     31.5785
  (80,79)      0.2148
  (81,79)     -0.2148
  (82,79)     -4.1307
  (84,79)      4.7697
 (103,79)     -4.3167
 (104,79)      4.9845
 (298,79)     -9.1431
  (55,80)      4.7697
  (56,80)      5.5076
  (77,80)     -1.4389
  (79,80)      0.2148
  (80,80)     40.2739
  (83,80)     -1.3769
 (103,80)     -4.9845
 (104,80)      5.7556
 (299,80)     -9.1431
  (57,81)     -1.3769
  (76,81)      4.9845
  (78,81)      5.7556
  (79,81)     -0.2148
  (81,81)     40.2739
  (82,81)     -4.7697
  (84,81)      5.5076
 (105,81)     -1.4389
 (300,81)     -9.1431
  (58,82)     -3.9600
  (59,82)     -4.5726
  (79,82)     -4.1307
  (81,82)     -4.7697
  (82,82)     33.7445
  (84,82)      4.3755
 (106,82)     -3.9600
 (107,82)      4.5726
 (301,82)    -12.3537
  (58,83)      4.5726
  (59,83)      5.2800
  (80,83)     -1.3769
  (83,83)     38.9108
 (106,83)     -4.5726
 (107,83)      5.2800
 (302,83)    -12.3537
  (60,84)     -1.3200
  (79,84)      4.7697
  (81,84)      5.5076
  (82,84)      4.3755
  (84,84)     43.0414
 (108,84)     -1.3200
 (303,84)    -12.3537
  (61,85)     -2.1562
  (62,85)     -2.4897
  (85,85)     17.3517
  (86,85)     -0.0003
  (87,85)      6.6428
  (88,85)     -5.7528
  (90,85)      6.6428
 (112,85)     -2.1559
 (113,85)      2.4894
 (304,85)     -4.7461
  (61,86)      2.4897
  (62,86)      2.8749
  (85,86)     -0.0003
  (86,86)     20.6979
  (89,86)     -1.9176
 (112,86)     -2.4894
 (113,86)      2.8745
 (305,86)     -4.7461
  (63,87)     -0.7187
  (85,87)      6.6428
  (87,87)     39.3706
  (88,87)     -6.6428
  (90,87)      7.6704
 (114,87)     -0.7186
 (306,87)     -4.7461
  (64,88)     -4.3129
  (65,88)     -4.9802
  (85,88)     -5.7528
  (87,88)     -6.6428
  (88,88)     33.3007
  (89,88)      0.0010
  (90,88)     -1.6616
  (91,88)     -4.3138
  (93,88)      4.9812
 (115,88)     -4.3138
 (116,88)      4.9812
 (307,88)     -9.1036
  (64,89)      4.9802
  (65,89)      5.7506
  (86,89)     -1.9176
  (88,89)      0.0010
  (89,89)     40.9796
  (92,89)     -1.4379
 (115,89)     -4.9812
 (116,89)      5.7518
 (308,89)     -9.1036
  (66,90)     -1.4376
  (85,90)      6.6428
  (87,90)      7.6704
  (88,90)     -1.6616
  (90,90)     42.4195
  (91,90)     -4.9812
  (93,90)      5.7518
 (117,90)     -1.4379
 (309,90)     -9.1036
  (67,91)     -4.3132
  (68,91)     -4.9805
  (88,91)     -4.3138
  (90,91)     -4.9812
  (91,91)     31.8506
  (92,91)      0.0007
  (94,91)     -4.3138
  (96,91)      4.9812
 (118,91)     -4.3138
 (119,91)      4.9812
 (310,91)     -9.4211
  (67,92)      4.9805
  (68,92)      5.7510
  (89,92)     -1.4379
  (91,92)      0.0007
  (92,92)     40.4673
  (95,92)     -1.4379
 (118,92)     -4.9812
 (119,92)      5.7518
 (311,92)     -9.4211
  (69,93)     -1.4377
  (88,93)      4.9812
  (90,93)      5.7518
  (93,93)     40.4679
  (94,93)     -4.9812
  (96,93)      5.7518
 (120,93)     -1.4379
 (312,93)     -9.4211
  (70,94)     -4.3129
  (71,94)     -4.9802
  (91,94)     -4.3138
  (93,94)     -4.9812
  (94,94)     31.8618
  (95,94)      0.0010
  (97,94)     -4.3138
  (99,94)      4.9812
 (121,94)     -4.3138
 (122,94)      4.9812
 (313,94)     -9.1036
  (70,95)      4.9802
  (71,95)      5.7506
  (92,95)     -1.4379
  (94,95)      0.0010
  (95,95)     40.5000
  (98,95)     -1.4379
 (121,95)     -4.9812
 (122,95)      5.7518
 (314,95)     -9.1036
  (72,96)     -1.4376
  (91,96)      4.9812
  (93,96)      5.7518
  (96,96)     40.5009
  (97,96)     -4.9812
  (99,96)      5.7518
 (123,96)     -1.4379
 (315,96)     -9.1036
  (73,97)     -4.3120
  (74,97)     -4.9791
  (94,97)     -4.3138
  (96,97)     -4.9812
  (97,97)     31.8476
  (98,97)      0.0021
  (99,97)     -0.0021
 (100,97)     -4.3120
 (102,97)      4.9791
 (124,97)     -4.3138
 (125,97)      4.9812
 (316,97)     -9.4211
  (73,98)      4.9791
  (74,98)      5.7494
  (95,98)     -1.4379
  (97,98)      0.0021
  (98,98)     40.4651
 (101,98)     -1.4373
 (124,98)     -4.9812
 (125,98)      5.7518
 (317,98)     -9.4211
  (75,99)     -1.4373
  (94,99)      4.9812
  (96,99)      5.7518
  (97,99)     -0.0021
  (99,99)     40.4651
 (100,99)     -4.9791
 (102,99)      5.7494
 (126,99)     -1.4379
 (318,99)     -9.4211
  (76,100)    -4.3155
  (77,100)    -4.9831
  (97,100)    -4.3120
  (99,100)    -4.9791
 (100,100)    31.8465
 (101,100)    -0.0050
 (102,100)     0.0040
 (103,100)    -4.3155
 (105,100)     4.9831
 (127,100)    -4.3111
 (128,100)     4.9781
 (319,100)    -9.2442
  (76,101)     4.9831
  (77,101)     5.7540
  (98,101)    -1.4373
 (100,101)    -0.0050
 (101,101)    40.4752
 (104,101)    -1.4385
 (127,101)    -4.9781
 (128,101)     5.7482
 (320,101)    -9.2442
  (78,102)    -1.4385
  (97,102)     4.9791
  (99,102)     5.7494
 (100,102)     0.0040
 (102,102)    40.4761
 (103,102)    -4.9831
 (105,102)     5.7540
 (129,102)    -1.4370
 (321,102)    -9.2442
  (79,103)    -4.3167
  (80,103)    -4.9845
 (100,103)    -4.3155
 (102,103)    -4.9831
 (103,103)    31.7639
 (104,103)     0.0007
 (105,103)    -0.2134
 (106,103)    -4.1307
 (108,103)     4.7697
 (130,103)    -4.3173
 (131,103)     4.9852
 (322,103)    -9.1431
  (79,104)     4.9845
  (80,104)     5.7556
 (101,104)    -1.4385
 (103,104)     0.0007
 (104,104)    40.5223
 (107,104)    -1.3769
 (130,104)    -4.9852
 (131,104)     5.7564
 (323,104)    -9.1431
  (81,105)    -1.4389
 (100,105)     4.9831
 (102,105)     5.7540
 (103,105)    -0.2134
 (105,105)    40.3345
 (106,105)    -4.7697
 (108,105)     5.5076
 (132,105)    -1.4391
 (324,105)    -9.1431
  (82,106)    -3.9600
  (83,106)    -4.5726
 (103,106)    -4.1307
 (105,106)    -4.7697
 (106,106)    29.9552
 (107,106)     0.1971
 (108,106)    -0.1971
 (109,106)    -3.9600
 (111,106)     4.5726
 (133,106)    -4.1307
 (134,106)     4.7697
 (325,106)   -12.3537
  (82,107)     4.5726
  (83,107)     5.2800
 (104,107)    -1.3769
 (106,107)     0.1971
 (107,107)    37.8183
 (110,107)    -1.3200
 (133,107)    -4.7697
 (134,107)     5.5076
 (326,107)   -12.3537
  (84,108)    -1.3200
 (103,108)     4.7697
 (105,108)     5.5076
 (106,108)    -0.1971
 (108,108)    37.8183
 (109,108)    -4.5726
 (111,108)     5.2800
 (135,108)    -1.3769
 (327,108)   -12.3537
 (106,109)    -3.9600
 (108,109)    -4.5726
 (109,109)    37.5339
 (110,109)    -4.5726
 (111,109)     4.5726
 (136,109)    -3.9600
 (137,109)     4.5726
 (328,109)   -12.3537
 (107,110)    -1.3200
 (109,110)    -4.5726
 (110,110)    44.1339
 (136,110)    -4.5726
 (137,110)     5.2800
 (329,110)   -12.3537
 (106,111)     4.5726
 (108,111)     5.2800
 (109,111)     4.5726
 (111,111)    44.1339
 (138,111)    -1.3200
 (330,111)   -12.3537
  (85,112)    -2.1559
  (86,112)    -2.4894
 (112,112)    17.3656
 (113,112)     0.0005
 (114,112)     6.6383
 (115,112)    -5.7489
 (117,112)     6.6383
 (139,112)    -2.1563
 (140,112)     2.4899
 (331,112)    -4.5959
  (85,113)     2.4894
  (86,113)     2.8745
 (112,113)     0.0005
 (113,113)    20.7244
 (116,113)    -1.9163
 (139,113)    -2.4899
 (140,113)     2.8751
 (332,113)    -4.5959
  (87,114)    -0.7186
 (112,114)     6.6383
 (114,114)    39.4231
 (115,114)    -6.6383
 (117,114)     7.6652
 (141,114)    -0.7188
 (333,114)    -4.5959
  (88,115)    -4.3138
  (89,115)    -4.9812
 (112,115)    -5.7489
 (114,115)    -6.6383
 (115,115)    33.2863
 (117,115)    -1.6571
 (118,115)    -4.3138
 (120,115)     4.9812
 (142,115)    -4.3138
 (143,115)     4.9812
 (334,115)    -9.4211
  (88,116)     4.9812
  (89,116)     5.7518
 (113,116)    -1.9163
 (116,116)    40.9465
 (119,116)    -1.4379
 (142,116)    -4.9812
 (143,116)     5.7518
 (335,116)    -9.4211
  (90,117)    -1.4379
 (112,117)     6.6383
 (114,117)     7.6652
 (115,117)    -1.6571
 (117,117)    42.3815
 (118,117)    -4.9812
 (120,117)     5.7518
 (144,117)    -1.4379
 (336,117)    -9.4211
  (91,118)    -4.3138
  (92,118)    -4.9812
 (115,118)    -4.3138
 (117,118)    -4.9812
 (118,118)    31.8618
 (119,118)    -0.0010
 (121,118)    -4.3138
 (123,118)     4.9812
 (145,118)    -4.3129
 (146,118)     4.9802
 (337,118)    -9.1036
  (91,119)     4.9812
  (92,119)     5.7518
 (116,119)    -1.4379
 (118,119)    -0.0010
 (119,119)    40.5000
 (122,119)    -1.4379
 (145,119)    -4.9802
 (146,119)     5.7506
 (338,119)    -9.1036
  (93,120)    -1.4379
 (115,120)     4.9812
 (117,120)     5.7518
 (120,120)    40.5009
 (121,120)    -4.9812
 (123,120)     5.7518
 (147,120)    -1.4376
 (339,120)    -9.1036
  (94,121)    -4.3138
  (95,121)    -4.9812
 (118,121)    -4.3138
 (120,121)    -4.9812
 (121,121)    31.8512
 (124,121)    -4.3138
 (126,121)     4.9812
 (148,121)    -4.3138
 (149,121)     4.9812
 (340,121)    -9.4211
  (94,122)     4.9812
  (95,122)     5.7518
 (119,122)    -1.4379
 (122,122)    40.4681
 (125,122)    -1.4379
 (148,122)    -4.9812
 (149,122)     5.7518
 (341,122)    -9.4211
  (96,123)    -1.4379
 (118,123)     4.9812
 (120,123)     5.7518
 (123,123)    40.4681
 (124,123)    -4.9812
 (126,123)     5.7518
 (150,123)    -1.4379
 (342,123)    -9.4211
  (97,124)    -4.3138
  (98,124)    -4.9812
 (121,124)    -4.3138
 (123,124)    -4.9812
 (124,124)    31.8618
 (126,124)    -0.0010
 (127,124)    -4.3129
 (129,124)     4.9802
 (151,124)    -4.3138
 (152,124)     4.9812
 (343,124)    -9.1036
  (97,125)     4.9812
  (98,125)     5.7518
 (122,125)    -1.4379
 (125,125)    40.5009
 (128,125)    -1.4376
 (151,125)    -4.9812
 (152,125)     5.7518
 (344,125)    -9.1036
  (99,126)    -1.4379
 (121,126)     4.9812
 (123,126)     5.7518
 (124,126)    -0.0010
 (126,126)    40.5000
 (127,126)    -4.9802
 (129,126)     5.7506
 (153,126)    -1.4379
 (345,126)    -9.1036
 (100,127)    -4.3111
 (101,127)    -4.9781
 (124,127)    -4.3129
 (126,127)    -4.9802
 (127,127)    31.8231
 (128,127)     0.0014
 (130,127)    -4.3129
 (132,127)     4.9802
 (154,127)    -4.3123
 (155,127)     4.9795
 (346,127)    -9.4923
 (100,128)     4.9781
 (101,128)     5.7482
 (125,128)    -1.4376
 (127,128)     0.0014
 (128,128)    40.4350
 (131,128)    -1.4376
 (154,128)    -4.9795
 (155,128)     5.7498
 (347,128)    -9.4923
 (102,129)    -1.4370
 (124,129)     4.9802
 (126,129)     5.7506
 (129,129)    40.4374
 (130,129)    -4.9802
 (132,129)     5.7506
 (156,129)    -1.4374
 (348,129)    -9.4923
 (103,130)    -4.3173
 (104,130)    -4.9852
 (127,130)    -4.3129
 (129,130)    -4.9802
 (130,130)    31.8678
 (131,130)    -0.0050
 (132,130)     0.0050
 (133,130)    -4.3173
 (135,130)     4.9852
 (157,130)    -4.3129
 (158,130)     4.9802
 (349,130)    -9.1036
 (103,131)     4.9852
 (104,131)     5.7564
 (128,131)    -1.4376
 (130,131)    -0.0050
 (131,131)    40.5054
 (134,131)    -1.4391
 (157,131)    -4.9802
 (158,131)     5.7506
 (350,131)    -9.1036
 (105,132)    -1.4391
 (127,132)     4.9802
 (129,132)     5.7506
 (130,132)     0.0050
 (132,132)    40.5054
 (133,132)    -4.9852
 (135,132)     5.7564
 (159,132)    -1.4376
 (351,132)    -9.1036
 (106,133)    -4.1307
 (107,133)    -4.7697
 (130,133)    -4.3173
 (132,133)    -4.9852
 (133,133)    31.5791
 (134,133)     0.2148
 (135,133)    -0.2155
 (136,133)    -4.1307
 (138,133)     4.7697
 (160,133)    -4.3167
 (161,133)     4.9845
 (352,133)    -9.1431
 (106,134)     4.7697
 (107,134)     5.5076
 (131,134)    -1.4391
 (133,134)     0.2148
 (134,134)    40.2741
 (137,134)    -1.3769
 (160,134)    -4.9845
 (161,134)     5.7556
 (353,134)    -9.1431
 (108,135)    -1.3769
 (130,135)     4.9852
 (132,135)     5.7564
 (133,135)    -0.2155
 (135,135)    40.2747
 (136,135)    -4.7697
 (138,135)     5.5076
 (162,135)    -1.4389
 (354,135)    -9.1431
 (109,136)    -3.9600
 (110,136)    -4.5726
 (133,136)    -4.1307
 (135,136)    -4.7697
 (136,136)    33.7445
 (138,136)     4.3755
 (163,136)    -3.9600
 (164,136)     4.5726
 (355,136)   -12.3537
 (109,137)     4.5726
 (110,137)     5.2800
 (134,137)    -1.3769
 (137,137)    38.9108
 (163,137)    -4.5726
 (164,137)     5.2800
 (356,137)   -12.3537
 (111,138)    -1.3200
 (133,138)     4.7697
 (135,138)     5.5076
 (136,138)     4.3755
 (138,138)    43.0414
 (165,138)    -1.3200
 (357,138)   -12.3537
 (112,139)    -2.1563
 (113,139)    -2.4899
 (139,139)    17.3647
 (140,139)     0.0007
 (141,139)     6.6437
 (142,139)    -5.7536
 (144,139)     6.6437
 (166,139)    -2.1569
 (167,139)     2.4906
 (358,139)    -4.7106
 (112,140)     2.4899
 (113,140)     2.8751
 (139,140)     0.0007
 (140,140)    20.7132
 (143,140)    -1.9179
 (166,140)    -2.4906
 (167,140)     2.8759
 (359,140)    -4.7106
 (114,141)    -0.7188
 (139,141)     6.6437
 (141,141)    39.3927
 (142,141)    -6.6437
 (144,141)     7.6715
 (168,141)    -0.7190
 (360,141)    -4.7106
 (115,142)    -4.3138
 (116,142)    -4.9812
 (139,142)    -5.7536
 (141,142)    -6.6437
 (142,142)    33.3006
 (143,142)    -0.0010
 (144,142)    -1.6635
 (145,142)    -4.3129
 (147,142)     4.9802
 (169,142)    -4.3129
 (170,142)     4.9802
 (361,142)    -9.1036
 (115,143)     4.9812
 (116,143)     5.7518
 (140,143)    -1.9179
 (142,143)    -0.0010
 (143,143)    40.9796
 (146,143)    -1.4376
 (169,143)    -4.9802
 (170,143)     5.7506
 (362,143)    -9.1036
 (117,144)    -1.4379
 (139,144)     6.6437
 (141,144)     7.6715
 (142,144)    -1.6635
 (144,144)    42.4193
 (145,144)    -4.9802
 (147,144)     5.7506
 (171,144)    -1.4376
 (363,144)    -9.1036
 (118,145)    -4.3129
 (119,145)    -4.9802
 (142,145)    -4.3129
 (144,145)    -4.9802
 (145,145)    31.8255
 (148,145)    -4.3129
 (150,145)     4.9802
 (172,145)    -4.3129
 (173,145)     4.9802
 (364,145)    -9.4923
 (118,146)     4.9802
 (119,146)     5.7506
 (143,146)    -1.4376
 (146,146)    40.4382
 (149,146)    -1.4376
 (172,146)    -4.9802
 (173,146)     5.7506
 (365,146)    -9.4923
 (120,147)    -1.4376
 (142,147)     4.9802
 (144,147)     5.7506
 (147,147)    40.4382
 (148,147)    -4.9802
 (150,147)     5.7506
 (174,147)    -1.4376
 (366,147)    -9.4923
 (121,148)    -4.3138
 (122,148)    -4.9812
 (145,148)    -4.3129
 (147,148)    -4.9802
 (148,148)    31.8618
 (150,148)     0.0010
 (151,148)    -4.3138
 (153,148)     4.9812
 (175,148)    -4.3138
 (176,148)     4.9812
 (367,148)    -9.1036
 (121,149)     4.9812
 (122,149)     5.7518
 (146,149)    -1.4376
 (149,149)    40.5009
 (152,149)    -1.4379
 (175,149)    -4.9812
 (176,149)     5.7518
 (368,149)    -9.1036
 (123,150)    -1.4379
 (145,150)     4.9802
 (147,150)     5.7506
 (148,150)     0.0010
 (150,150)    40.5000
 (151,150)    -4.9812
 (153,150)     5.7518
 (177,150)    -1.4379
 (369,150)    -9.1036
 (124,151)    -4.3138
 (125,151)    -4.9812
 (148,151)    -4.3138
 (150,151)    -4.9812
 (151,151)    31.8506
 (153,151)    -0.0007
 (154,151)    -4.3132
 (156,151)     4.9805
 (178,151)    -4.3138
 (179,151)     4.9812
 (370,151)    -9.4211
 (124,152)     4.9812
 (125,152)     5.7518
 (149,152)    -1.4379
 (152,152)    40.4679
 (155,152)    -1.4377
 (178,152)    -4.9812
 (179,152)     5.7518
 (371,152)    -9.4211
 (126,153)    -1.4379
 (148,153)     4.9812
 (150,153)     5.7518
 (151,153)    -0.0007
 (153,153)    40.4673
 (154,153)    -4.9805
 (156,153)     5.7510
 (180,153)    -1.4379
 (372,153)    -9.4211
 (127,154)    -4.3123
 (128,154)    -4.9795
 (151,154)    -4.3132
 (153,154)    -4.9805
 (154,154)    31.8410
 (156,154)    -0.0010
 (157,154)    -4.3123
 (159,154)     4.9795
 (181,154)    -4.3123
 (182,154)     4.9795
 (373,154)    -9.1560
 (127,155)     4.9795
 (128,155)     5.7498
 (152,155)    -1.4377
 (155,155)    40.4767
 (158,155)    -1.4374
 (181,155)    -4.9795
 (182,155)     5.7498
 (374,155)    -9.1560
 (129,156)    -1.4374
 (151,156)     4.9805
 (153,156)     5.7510
 (154,156)    -0.0010
 (156,156)    40.4776
 (157,156)    -4.9795
 (159,156)     5.7498
 (183,156)    -1.4374
 (375,156)    -9.1560
 (130,157)    -4.3129
 (131,157)    -4.9802
 (154,157)    -4.3123
 (156,157)    -4.9795
 (157,157)    31.8194
 (158,157)    -0.0057
 (160,157)    -4.3123
 (162,157)     4.9795
 (184,157)    -4.3080
 (185,157)     4.9744
 (376,157)    -9.4923
 (130,158)     4.9802
 (131,158)     5.7506
 (155,158)    -1.4374
 (157,158)    -0.0057
 (158,158)    40.4312
 (161,158)    -1.4374
 (184,158)    -4.9744
 (185,158)     5.7440
 (377,158)    -9.4923
 (132,159)    -1.4376
 (154,159)     4.9795
 (156,159)     5.7498
 (159,159)    40.4350
 (160,159)    -4.9795
 (162,159)     5.7498
 (186,159)    -1.4360
 (378,159)    -9.4923
 (133,160)    -4.3167
 (134,160)    -4.9845
 (157,160)    -4.3123
 (159,160)    -4.9795
 (160,160)    31.7602
 (162,160)    -0.2098
 (163,160)    -4.1307
 (165,160)     4.7697
 (187,160)    -4.3167
 (188,160)     4.9845
 (379,160)    -9.1431
 (133,161)     4.9845
 (134,161)     5.7556
 (158,161)    -1.4374
 (161,161)    40.5205
 (164,161)    -1.3769
 (187,161)    -4.9845
 (188,161)     5.7556
 (380,161)    -9.1431
 (135,162)    -1.4389
 (157,162)     4.9795
 (159,162)     5.7498
 (160,162)    -0.2098
 (162,162)    40.3301
 (163,162)    -4.7697
 (165,162)     5.5076
 (189,162)    -1.4389
 (381,162)    -9.1431
 (136,163)    -3.9600
 (137,163)    -4.5726
 (160,163)    -4.1307
 (162,163)    -4.7697
 (163,163)    33.7445
 (165,163)     4.3755
 (190,163)    -3.9600
 (191,163)     4.5726
 (382,163)   -12.3537
 (136,164)     4.5726
 (137,164)     5.2800
 (161,164)    -1.3769
 (164,164)    38.9108
 (190,164)    -4.5726
 (191,164)     5.2800
 (383,164)   -12.3537
 (138,165)    -1.3200
 (160,165)     4.7697
 (162,165)     5.5076
 (163,165)     4.3755
 (165,165)    43.0414
 (192,165)    -1.3200
 (384,165)   -12.3537
 (139,166)    -2.1569
 (140,166)    -2.4906
 (166,166)    18.0854
 (167,166)     0.8308
 (168,166)     6.6377
 (169,166)    -5.7484
 (171,166)     6.6377
 (193,166)    -2.8764
 (194,166)     3.3214
 (385,166)    -4.5518
 (139,167)     2.4906
 (140,167)     2.8759
 (166,167)     0.8308
 (167,167)    21.6881
 (170,167)    -1.9161
 (193,167)    -3.3214
 (194,167)     3.8352
 (386,167)    -4.5518
 (141,168)    -0.7190
 (166,168)     6.6377
 (168,168)    39.6747
 (169,168)    -6.6377
 (171,168)     7.6645
 (195,168)    -0.9588
 (387,168)    -4.5518
 (142,169)    -4.3129
 (143,169)    -4.9802
 (166,169)    -5.7484
 (168,169)    -6.6377
 (169,169)    34.6964
 (170,169)     1.6575
 (171,169)    -1.6575
 (172,169)    -4.3129
 (174,169)     4.9802
 (196,169)    -5.7484
 (197,169)     6.6377
 (388,169)    -9.4923
 (142,170)     4.9802
 (143,170)     5.7506
 (167,170)    -1.9161
 (169,170)     1.6575
 (170,170)    42.8306
 (173,170)    -1.4376
 (196,170)    -6.6377
 (197,170)     7.6645
 (389,170)    -9.4923
 (144,171)    -1.4376
 (166,171)     6.6377
 (168,171)     7.6645
 (169,171)    -1.6575
 (171,171)    42.8306
 (172,171)    -4.9802
 (174,171)     5.7506
 (198,171)    -1.9161
 (390,171)    -9.4923
 (145,172)    -4.3129
 (146,172)    -4.9802
 (169,172)    -4.3129
 (171,172)    -4.9802
 (172,172)    33.3006
 (173,172)     1.6635
 (174,172)     0.0010
 (175,172)    -4.3138
 (177,172)     4.9812
 (199,172)    -5.7536
 (200,172)     6.6437
 (391,172)    -9.1036
 (145,173)     4.9802
 (146,173)     5.7506
 (170,173)    -1.4376
 (172,173)     1.6635
 (173,173)    42.4193
 (176,173)    -1.4379
 (199,173)    -6.6437
 (200,173)     7.6715
 (392,173)    -9.1036
 (147,174)    -1.4376
 (169,174)     4.9802
 (171,174)     5.7506
 (172,174)     0.0010
 (174,174)    40.9796
 (175,174)    -4.9812
 (177,174)     5.7518
 (201,174)    -1.9179
 (393,174)    -9.1036
 (148,175)    -4.3138
 (149,175)    -4.9812
 (172,175)    -4.3138
 (174,175)    -4.9812
 (175,175)    33.2863
 (176,175)     1.6571
 (178,175)    -4.3138
 (180,175)     4.9812
 (202,175)    -5.7489
 (203,175)     6.6383
 (394,175)    -9.4211
 (148,176)     4.9812
 (149,176)     5.7518
 (173,176)    -1.4379
 (175,176)     1.6571
 (176,176)    42.3815
 (179,176)    -1.4379
 (202,176)    -6.6383
 (203,176)     7.6652
 (395,176)    -9.4211
 (150,177)    -1.4379
 (172,177)     4.9812
 (174,177)     5.7518
 (177,177)    40.9465
 (178,177)    -4.9812
 (180,177)     5.7518
 (204,177)    -1.9163
 (396,177)    -9.4211
 (151,178)    -4.3138
 (152,178)    -4.9812
 (175,178)    -4.3138
 (177,178)    -4.9812
 (178,178)    33.3007
 (179,178)     1.6616
 (180,178)    -0.0010
 (181,178)    -4.3129
 (183,178)     4.9802
 (205,178)    -5.7528
 (206,178)     6.6428
 (397,178)    -9.1036
 (151,179)     4.9812
 (152,179)     5.7518
 (176,179)    -1.4379
 (178,179)     1.6616
 (179,179)    42.4195
 (182,179)    -1.4376
 (205,179)    -6.6428
 (206,179)     7.6704
 (398,179)    -9.1036
 (153,180)    -1.4379
 (175,180)     4.9812
 (177,180)     5.7518
 (178,180)    -0.0010
 (180,180)    40.9796
 (181,180)    -4.9802
 (183,180)     5.7506
 (207,180)    -1.9176
 (399,180)    -9.1036
 (154,181)    -4.3123
 (155,181)    -4.9795
 (178,181)    -4.3129
 (180,181)    -4.9802
 (181,181)    33.2549
 (182,181)     1.6576
 (183,181)    -0.0057
 (184,181)    -4.3080
 (186,181)     4.9744
 (208,181)    -5.7479
 (209,181)     6.6371
 (400,181)    -9.4923
 (154,182)     4.9795
 (155,182)     5.7498
 (179,182)    -1.4376
 (181,182)     1.6576
 (182,182)    42.3490
 (185,182)    -1.4360
 (208,182)    -6.6371
 (209,182)     7.6638
 (401,182)    -9.4923
 (156,183)    -1.4374
 (178,183)     4.9802
 (180,183)     5.7506
 (181,183)    -0.0057
 (183,183)    40.9097
 (184,183)    -4.9744
 (186,183)     5.7440
 (210,183)    -1.9160
 (402,183)    -9.4923
 (157,184)    -4.3080
 (158,184)    -4.9744
 (181,184)    -4.3080
 (183,184)    -4.9744
 (184,184)    33.2461
 (185,184)     1.6581
 (186,184)     0.0050
 (187,184)    -4.3123
 (189,184)     4.9795
 (211,184)    -5.7440
 (212,184)     6.6326
 (403,184)    -9.4923
 (157,185)     4.9744
 (158,185)     5.7440
 (182,185)    -1.4360
 (184,185)     1.6581
 (185,185)    42.3378
 (188,185)    -1.4374
 (211,185)    -6.6326
 (212,185)     7.6587
 (404,185)    -9.4923
 (159,186)    -1.4360
 (181,186)     4.9744
 (183,186)     5.7440
 (184,186)     0.0050
 (186,186)    40.9062
 (187,186)    -4.9795
 (189,186)     5.7498
 (213,186)    -1.9147
 (405,186)    -9.4923
 (160,187)    -4.3167
 (161,187)    -4.9845
 (184,187)    -4.3123
 (186,187)    -4.9795
 (187,187)    33.1991
 (188,187)     1.6615
 (189,187)    -0.2098
 (190,187)    -4.1307
 (192,187)     4.7697
 (214,187)    -5.7556
 (215,187)     6.6460
 (406,187)    -9.1431
 (160,188)     4.9845
 (161,188)     5.7556
 (185,188)    -1.4374
 (187,188)     1.6615
 (188,188)    42.4390
 (191,188)    -1.3769
 (214,188)    -6.6460
 (215,188)     7.6741
 (407,188)    -9.1431
 (162,189)    -1.4389
 (184,189)     4.9795
 (186,189)     5.7498
 (187,189)    -0.2098
 (189,189)    40.8097
 (190,189)    -4.7697
 (192,189)     5.5076
 (216,189)    -1.9185
 (408,189)    -9.1431
 (163,190)    -3.9600
 (164,190)    -4.5726
 (187,190)    -4.1307
 (189,190)    -4.7697
 (190,190)    35.0645
 (191,190)     1.5242
 (192,190)     4.3755
 (217,190)    -5.2800
 (218,190)     6.0968
 (409,190)   -12.3537
 (163,191)     4.5726
 (164,191)     5.2800
 (188,191)    -1.3769
 (190,191)     1.5242
 (191,191)    40.6708
 (217,191)    -6.0968
 (218,191)     7.0400
 (410,191)   -12.3537
 (165,192)    -1.3200
 (187,192)     4.7697
 (189,192)     5.5076
 (190,192)     4.3755
 (192,192)    43.4814
 (219,192)    -1.7600
 (411,192)   -12.3537
 (166,193)    -2.8764
 (167,193)    -3.3214
 (193,193)     9.3962
 (194,193)    -3.3214
 (195,193)     3.3214
 (196,193)    -2.8764
 (198,193)     3.3214
 (412,193)    -2.3731
 (166,194)     3.3214
 (167,194)     3.8352
 (193,194)    -3.3214
 (194,194)    19.9254
 (197,194)    -0.9588
 (413,194)    -2.3731
 (168,195)    -0.9588
 (193,195)     3.3214
 (195,195)    19.9254
 (196,195)    -3.3214
 (198,195)     3.8352
 (414,195)    -2.3731
 (169,196)    -5.7484
 (170,196)    -6.6377
 (193,196)    -2.8764
 (195,196)    -3.3214
 (196,196)    18.0854
 (197,196)    -6.6377
 (198,196)    -0.8308
 (199,196)    -2.1569
 (201,196)     2.4906
 (415,196)    -4.5518
 (169,197)     6.6377
 (170,197)     7.6645
 (194,197)    -0.9588
 (196,197)    -6.6377
 (197,197)    39.6747
 (200,197)    -0.7190
 (416,197)    -4.5518
 (171,198)    -1.9161
 (193,198)     3.3214
 (195,198)     3.8352
 (196,198)    -0.8308
 (198,198)    21.6881
 (199,198)    -2.4906
 (201,198)     2.8759
 (417,198)    -4.5518
 (172,199)    -5.7536
 (173,199)    -6.6437
 (196,199)    -2.1569
 (198,199)    -2.4906
 (199,199)    17.3647
 (200,199)    -6.6437
 (201,199)    -0.0007
 (202,199)    -2.1563
 (204,199)     2.4899
 (418,199)    -4.7106
 (172,200)     6.6437
 (173,200)     7.6715
 (197,200)    -0.7190
 (199,200)    -6.6437
 (200,200)    39.3927
 (203,200)    -0.7188
 (419,200)    -4.7106
 (174,201)    -1.9179
 (196,201)     2.4906
 (198,201)     2.8759
 (199,201)    -0.0007
 (201,201)    20.7132
 (202,201)    -2.4899
 (204,201)     2.8751
 (420,201)    -4.7106
 (175,202)    -5.7489
 (176,202)    -6.6383
 (199,202)    -2.1563
 (201,202)    -2.4899
 (202,202)    17.3656
 (203,202)    -6.6383
 (204,202)    -0.0005
 (205,202)    -2.1559
 (207,202)     2.4894
 (421,202)    -4.5959
 (175,203)     6.6383
 (176,203)     7.6652
 (200,203)    -0.7188
 (202,203)    -6.6383
 (203,203)    39.4231
 (206,203)    -0.7186
 (422,203)    -4.5959
 (177,204)    -1.9163
 (199,204)     2.4899
 (201,204)     2.8751
 (202,204)    -0.0005
 (204,204)    20.7244
 (205,204)    -2.4894
 (207,204)     2.8745
 (423,204)    -4.5959
 (178,205)    -5.7528
 (179,205)    -6.6428
 (202,205)    -2.1559
 (204,205)    -2.4894
 (205,205)    17.3517
 (206,205)    -6.6428
 (207,205)     0.0003
 (208,205)    -2.1562
 (210,205)     2.4897
 (424,205)    -4.7461
 (178,206)     6.6428
 (179,206)     7.6704
 (203,206)    -0.7186
 (205,206)    -6.6428
 (206,206)    39.3706
 (209,206)    -0.7187
 (425,206)    -4.7461
 (180,207)    -1.9176
 (202,207)     2.4894
 (204,207)     2.8745
 (205,207)     0.0003
 (207,207)    20.6979
 (208,207)    -2.4897
 (210,207)     2.8749
 (426,207)    -4.7461
 (181,208)    -5.7479
 (182,208)    -6.6371
 (205,208)    -2.1562
 (207,208)    -2.4897
 (208,208)    17.3556
 (209,208)    -6.6371
 (211,208)    -2.1562
 (213,208)     2.4897
 (427,208)    -4.5780
 (181,209)     6.6371
 (182,209)     7.6638
 (206,209)    -0.7187
 (208,209)    -6.6371
 (209,209)    39.4190
 (212,209)    -0.7187
 (428,209)    -4.5780
 (183,210)    -1.9160
 (205,210)     2.4897
 (207,210)     2.8749
 (210,210)    20.7167
 (211,210)    -2.4897
 (213,210)     2.8749
 (429,210)    -4.5780
 (184,211)    -5.7440
 (185,211)    -6.6326
 (208,211)    -2.1562
 (210,211)    -2.4897
 (211,211)    17.3432
 (212,211)    -6.6326
 (214,211)    -2.1562
 (216,211)     2.4897
 (430,211)    -4.7461
 (184,212)     6.6326
 (185,212)     7.6587
 (209,212)    -0.7187
 (211,212)    -6.6326
 (212,212)    39.3590
 (215,212)    -0.7187
 (431,212)    -4.7461
 (186,213)    -1.9147
 (208,213)     2.4897
 (210,213)     2.8749
 (213,213)    20.6953
 (214,213)    -2.4897
 (216,213)     2.8749
 (432,213)    -4.7461
 (187,214)    -5.7556
 (188,214)    -6.6460
 (211,214)    -2.1562
 (213,214)    -2.4897
 (214,214)    17.3190
 (215,214)    -6.6460
 (216,214)    -0.1049
 (217,214)    -2.0653
 (219,214)     2.3848
 (433,214)    -4.5716
 (187,215)     6.6460
 (188,215)     7.6741
 (212,215)    -0.7187
 (214,215)    -6.6460
 (215,215)    39.4456
 (218,215)    -0.6884
 (434,215)    -4.5716
 (189,216)    -1.9185
 (211,216)     2.4897
 (213,216)     2.8749
 (214,216)    -0.1049
 (216,216)    20.6447
 (217,216)    -2.3848
 (219,216)     2.7538
 (435,216)    -4.5716
 (190,217)    -5.2800
 (191,217)    -6.0968
 (214,217)    -2.0653
 (216,217)    -2.3848
 (217,217)    18.1923
 (218,217)    -6.0968
 (219,217)     2.1878
 (436,217)    -6.1769
 (190,218)     6.0968
 (191,218)     7.0400
 (215,218)    -0.6884
 (217,218)    -6.0968
 (218,218)    37.0554
 (437,218)    -6.1769
 (192,219)    -1.7600
 (214,219)     2.3848
 (216,219)     2.7538
 (217,219)     2.1878
 (219,219)    21.9607
 (438,219)    -6.1769
 (220,220)    21.5519
 (221,220)    -0.4153
 (222,220)     1.2803
 (223,220)    -1.1088
 (225,220)     1.2803
 (235,220)    -0.4720
 (236,220)     0.5450
 (220,221)    -0.4153
 (221,221)    22.3561
 (224,221)    -0.3696
 (235,221)    -0.5450
 (236,221)     0.6293
 (220,222)     1.2803
 (222,222)    25.4877
 (223,222)    -1.2803
 (225,222)     1.4784
 (237,222)    -0.1573
 (220,223)    -1.1088
 (222,223)    -1.2803
 (223,223)    42.8267
 (224,223)    -0.8305
 (225,223)    -0.3201
 (226,223)    -0.8316
 (228,223)     0.9602
 (238,223)    -0.9440
 (239,223)     1.0900
 (221,224)    -0.3696
 (223,224)    -0.8305
 (224,224)    44.6197
 (227,224)    -0.2772
 (238,224)    -1.0900
 (239,224)     1.2586
 (220,225)     1.2803
 (222,225)     1.4784
 (223,225)    -0.3201
 (225,225)    43.9530
 (226,225)    -0.9602
 (228,225)     1.1088
 (240,225)    -0.3147
 (223,226)    -0.8316
 (225,226)    -0.9602
 (226,226)    42.5495
 (227,226)    -0.8305
 (229,226)    -0.8316
 (231,226)     0.9602
 (241,226)    -0.9440
 (242,226)     1.0900
 (224,227)    -0.2772
 (226,227)    -0.8305
 (227,227)    44.5273
 (230,227)    -0.2772
 (241,227)    -1.0900
 (242,227)     1.2586
 (223,228)     0.9602
 (225,228)     1.1088
 (228,228)    43.5834
 (229,228)    -0.9602
 (231,228)     1.1088
 (243,228)    -0.3147
 (226,229)    -0.8316
 (228,229)    -0.9602
 (229,229)    42.5495
 (230,229)    -0.8305
 (232,229)    -0.8316
 (234,229)     0.9602
 (244,229)    -0.9440
 (245,229)     1.0900
 (227,230)    -0.2772
 (229,230)    -0.8305
 (230,230)    44.5273
 (233,230)    -0.2772
 (244,230)    -1.0900
 (245,230)     1.2586
 (226,231)     0.9602
 (228,231)     1.1088
 (231,231)    43.5834
 (232,231)    -0.9602
 (234,231)     1.1088
 (246,231)    -0.3147
 (229,232)    -0.8316
 (231,232)    -0.9602
 (232,232)    43.2687
 (233,232)    -0.9602
 (234,232)     0.9602
 (247,232)    -0.8316
 (248,232)     0.9602
 (230,233)    -0.2772
 (232,233)    -0.9602
 (233,233)    44.6547
 (247,233)    -0.9602
 (248,233)     1.1088
 (229,234)     0.9602
 (231,234)     1.1088
 (232,234)     0.9602
 (234,234)    44.6547
 (249,234)    -0.2772
 (220,235)    -0.4720
 (221,235)    -0.5450
 (235,235)    26.9085
 (236,235)     0.0849
 (237,235)     1.6803
 (238,235)    -1.4552
 (240,235)     1.6803
 (256,235)    -0.5455
 (257,235)     0.6299
 (220,236)     0.5450
 (221,236)     0.6293
 (235,236)     0.0849
 (236,236)    27.7327
 (239,236)    -0.4851
 (256,236)    -0.6299
 (257,236)     0.7273
 (222,237)    -0.1573
 (235,237)     1.6803
 (237,237)    32.5361
 (238,237)    -1.6803
 (240,237)     1.9403
 (258,237)    -0.1818
 (223,238)    -0.9440
 (224,238)    -1.0900
 (235,238)    -1.4552
 (237,238)    -1.6803
 (238,238)    53.4532
 (239,238)     0.1697
 (240,238)    -0.4201
 (241,238)    -1.0914
 (243,238)     1.2602
 (259,238)    -1.0909
 (260,238)     1.2597
 (223,239)     1.0900
 (224,239)     1.2586
 (236,239)    -0.4851
 (238,239)     0.1697
 (239,239)    55.3442
 (242,239)    -0.3638
 (259,239)    -1.2597
 (260,239)     1.4546
 (225,240)    -0.3147
 (235,240)     1.6803
 (237,240)     1.9403
 (238,240)    -0.4201
 (240,240)    55.8559
 (241,240)    -1.2602
 (243,240)     1.4552
 (261,240)    -0.3636
 (226,241)    -0.9440
 (227,241)    -1.0900
 (238,241)    -1.0914
 (240,241)    -1.2602
 (241,241)    53.0894
 (242,241)     0.1697
 (244,241)    -1.0914
 (246,241)     1.2602
 (262,241)    -1.0909
 (263,241)     1.2597
 (226,242)     1.0900
 (227,242)     1.2586
 (239,242)    -0.3638
 (241,242)     0.1697
 (242,242)    55.2229
 (245,242)    -0.3638
 (262,242)    -1.2597
 (263,242)     1.4546
 (228,243)    -0.3147
 (238,243)     1.2602
 (240,243)     1.4552
 (243,243)    55.3708
 (244,243)    -1.2602
 (246,243)     1.4552
 (264,243)    -0.3636
 (229,244)    -0.9440
 (230,244)    -1.0900
 (241,244)    -1.0914
 (243,244)    -1.2602
 (244,244)    52.9487
 (245,244)     0.1775
 (246,244)    -0.1703
 (247,244)    -0.9440
 (249,244)     1.0900
 (265,244)    -1.0977
 (266,244)     1.2675
 (229,245)     1.0900
 (230,245)     1.2586
 (242,245)    -0.3638
 (244,245)     0.1775
 (245,245)    55.1827
 (248,245)    -0.3147
 (265,245)    -1.2675
 (266,245)     1.4636
 (231,246)    -0.3147
 (241,246)     1.2602
 (243,246)     1.4552
 (244,246)    -0.1703
 (246,246)    55.1764
 (247,246)    -1.0900
 (249,246)     1.2586
 (267,246)    -0.3659
 (232,247)    -0.8316
 (233,247)    -0.9602
 (244,247)    -0.9440
 (246,247)    -1.0900
 (247,247)    41.8302
 (248,247)     0.1297
 (249,247)    -0.1297
 (250,247)    -0.8316
 (252,247)     0.9602
 (268,247)    -0.9440
 (269,247)     1.0900
 (232,248)     0.9602
 (233,248)     1.1088
 (245,248)    -0.3147
 (247,248)     0.1297
 (248,248)    43.4560
 (251,248)    -0.2772
 (268,248)    -1.0900
 (269,248)     1.2586
 (234,249)    -0.2772
 (244,249)     1.0900
 (246,249)     1.2586
 (247,249)    -0.1297
 (249,249)    43.4560
 (250,249)    -0.9602
 (252,249)     1.1088
 (270,249)    -0.3147
 (247,250)    -0.8316
 (249,250)    -0.9602
 (250,250)    42.5495
 (251,250)    -0.8305
 (253,250)    -0.8316
 (255,250)     0.9602
 (271,250)    -0.9440
 (272,250)     1.0900
 (248,251)    -0.2772
 (250,251)    -0.8305
 (251,251)    44.5273
 (254,251)    -0.2772
 (271,251)    -1.0900
 (272,251)     1.2586
 (247,252)     0.9602
 (249,252)     1.1088
 (252,252)    43.5834
 (253,252)    -0.9602
 (255,252)     1.1088
 (273,252)    -0.3147
 (250,253)    -0.8316
 (252,253)    -0.9602
 (253,253)    43.2687
 (254,253)    -0.9602
 (255,253)     0.9602
 (274,253)    -0.8316
 (275,253)     0.9602
 (251,254)    -0.2772
 (253,254)    -0.9602
 (254,254)    44.6547
 (274,254)    -0.9602
 (275,254)     1.1088
 (250,255)     0.9602
 (252,255)     1.1088
 (253,255)     0.9602
 (255,255)    44.6547
 (276,255)    -0.2772
 (235,256)    -0.5455
 (236,256)    -0.6299
 (256,256)    22.6131
 (257,256)     0.0035
 (258,256)     1.6789
 (259,256)    -1.4540
 (261,256)     1.6789
 (280,256)    -0.5485
 (281,256)     0.6334
 (235,257)     0.6299
 (236,257)     0.7273
 (256,257)     0.0035
 (257,257)    23.4624
 (260,257)    -0.4847
 (280,257)    -0.6334
 (281,257)     0.7314
 (237,258)    -0.1818
 (256,258)     1.6789
 (258,258)    28.1844
 (259,258)    -1.6789
 (261,258)     1.9387
 (282,258)    -0.1828
 (238,259)    -1.0909
 (239,259)    -1.2597
 (256,259)    -1.4540
 (258,259)    -1.6789
 (259,259)    44.8561
 (260,259)    -0.0005
 (261,259)    -0.4197
 (262,259)    -1.0905
 (264,259)     1.2592
 (283,259)    -1.0905
 (284,259)     1.2592
 (238,260)     1.2597
 (239,260)     1.4546
 (257,260)    -0.4847
 (259,260)    -0.0005
 (260,260)    46.7949
 (263,260)    -0.3635
 (283,260)    -1.2592
 (284,260)     1.4540
 (240,261)    -0.3636
 (256,261)     1.6789
 (258,261)     1.9387
 (259,261)    -0.4197
 (261,261)    47.1579
 (262,261)    -1.2592
 (264,261)     1.4540
 (285,261)    -0.3635
 (241,262)    -1.0909
 (242,262)    -1.2597
 (259,262)    -1.0905
 (261,262)    -1.2592
 (262,262)    44.5058
 (263,262)     0.0071
 (264,262)     0.0077
 (265,262)    -1.0972
 (267,262)     1.2669
 (286,262)    -1.0971
 (287,262)     1.2668
 (241,263)     1.2597
 (242,263)     1.4546
 (260,263)    -0.3635
 (262,263)     0.0071
 (263,263)    46.6847
 (266,263)    -0.3657
 (286,263)    -1.2668
 (287,263)     1.4627
 (243,264)    -0.3636
 (259,264)     1.2592
 (261,264)     1.4540
 (262,264)     0.0077
 (264,264)    46.6844
 (265,264)    -1.2669
 (267,264)     1.4629
 (288,264)    -0.3657
 (244,265)    -1.0977
 (245,265)    -1.2675
 (262,265)    -1.0972
 (264,265)    -1.2669
 (265,265)    52.7813
 (266,265)    -0.0005
 (267,265)     0.0005
 (268,265)    -1.0977
 (270,265)     1.2675
 (289,265)    -1.0972
 (290,265)     1.2669
 (244,266)     1.2675
 (245,266)     1.4636
 (263,266)    -0.3657
 (265,266)    -0.0005
 (266,266)    54.9937
 (269,266)    -0.3659
 (289,266)    -1.2669
 (290,266)     1.4629
 (246,267)    -0.3659
 (262,267)     1.2669
 (264,267)     1.4629
 (265,267)     0.0005
 (267,267)    54.9937
 (268,267)    -1.2675
 (270,267)     1.4636
 (291,267)    -0.3657
 (247,268)    -0.9440
 (248,268)    -1.0900
 (265,268)    -1.0977
 (267,268)    -1.2675
 (268,268)    53.1002
 (269,268)     0.1749
 (270,268)    -0.0072
 (271,268)    -1.0914
 (273,268)     1.2602
 (292,268)    -1.0954
 (293,268)     1.2649
 (247,269)     1.0900
 (248,269)     1.2586
 (266,269)    -0.3659
 (268,269)     0.1749
 (269,269)    55.2310
 (272,269)    -0.3638
 (292,269)    -1.2649
 (293,269)     1.4606
 (249,270)    -0.3147
 (265,270)     1.2675
 (267,270)     1.4636
 (268,270)    -0.0072
 (270,270)    55.3807
 (271,270)    -1.2602
 (273,270)     1.4552
 (294,270)    -0.3651
 (250,271)    -0.9440
 (251,271)    -1.0900
 (268,271)    -1.0914
 (270,271)    -1.2602
 (271,271)    52.9424
 (272,271)     0.1703
 (273,271)    -0.1703
 (274,271)    -0.9440
 (276,271)     1.0900
 (295,271)    -1.0914
 (296,271)     1.2602
 (250,272)     1.0900
 (251,272)     1.2586
 (269,272)    -0.3638
 (271,272)     0.1703
 (272,272)    55.1744
 (275,272)    -0.3147
 (295,272)    -1.2602
 (296,272)     1.4552
 (252,273)    -0.3147
 (268,273)     1.2602
 (270,273)     1.4552
 (271,273)    -0.1703
 (273,273)    55.1744
 (274,273)    -1.0900
 (276,273)     1.2586
 (297,273)    -0.3638
 (253,274)    -0.8316
 (254,274)    -0.9602
 (271,274)    -0.9440
 (273,274)    -1.0900
 (274,274)    41.8302
 (275,274)     0.1297
 (276,274)    -0.1297
 (277,274)    -0.8316
 (279,274)     0.9602
 (298,274)    -0.9440
 (299,274)     1.0900
 (253,275)     0.9602
 (254,275)     1.1088
 (272,275)    -0.3147
 (274,275)     0.1297
 (275,275)    43.4560
 (278,275)    -0.2772
 (298,275)    -1.0900
 (299,275)     1.2586
 (255,276)    -0.2772
 (271,276)     1.0900
 (273,276)     1.2586
 (274,276)    -0.1297
 (276,276)    43.4560
 (277,276)    -0.9602
 (279,276)     1.1088
 (300,276)    -0.3147
 (274,277)    -0.8316
 (276,277)    -0.9602
 (277,277)    43.2687
 (278,277)    -0.9602
 (279,277)     0.9602
 (301,277)    -0.8316
 (302,277)     0.9602
 (275,278)    -0.2772
 (277,278)    -0.9602
 (278,278)    44.6547
 (301,278)    -0.9602
 (302,278)     1.1088
 (274,279)     0.9602
 (276,279)     1.1088
 (277,279)     0.9602
 (279,279)    44.6547
 (303,279)    -0.2772
 (256,280)    -0.5485
 (257,280)    -0.6334
 (280,280)    26.0881
 (282,280)     1.6857
 (283,280)    -1.4598
 (285,280)     1.6857
 (304,280)    -0.5485
 (305,280)     0.6334
 (256,281)     0.6334
 (257,281)     0.7314
 (281,281)    26.9522
 (284,281)    -0.4866
 (304,281)    -0.6334
 (305,281)     0.7314
 (258,282)    -0.1828
 (280,282)     1.6857
 (282,282)    31.7297
 (283,282)    -1.6857
 (285,282)     1.9464
 (306,282)    -0.1828
 (259,283)    -1.0905
 (260,283)    -1.2592
 (280,283)    -1.4598
 (282,283)    -1.6857
 (283,283)    44.8747
 (284,283)     0.0077
 (285,283)    -0.4189
 (286,283)    -1.0971
 (288,283)     1.2668
 (307,283)    -1.0972
 (308,283)     1.2669
 (259,284)     1.2592
 (260,284)     1.4540
 (281,284)    -0.4866
 (283,284)     0.0077
 (284,284)    46.8073
 (287,284)    -0.3657
 (307,284)    -1.2669
 (308,284)     1.4629
 (261,285)    -0.3635
 (280,285)     1.6857
 (282,285)     1.9464
 (283,285)    -0.4189
 (285,285)    47.1765
 (286,285)    -1.2668
 (288,285)     1.4627
 (309,285)    -0.3657
 (262,286)    -1.0971
 (263,286)    -1.2668
 (283,286)    -1.0971
 (285,286)    -1.2668
 (286,286)    51.4508
 (287,286)     0.0002
 (289,286)    -1.0971
 (291,286)     1.2668
 (310,286)    -1.0972
 (311,286)     1.2670
 (262,287)     1.2668
 (263,287)     1.4627
 (284,287)    -0.3657
 (286,287)     0.0002
 (287,287)    53.6627
 (290,287)    -0.3657
 (310,287)    -1.2670
 (311,287)     1.4629
 (264,288)    -0.3657
 (283,288)     1.2668
 (285,288)     1.4627
 (288,288)    53.6626
 (289,288)    -1.2668
 (291,288)     1.4627
 (312,288)    -0.3657
 (265,289)    -1.0972
 (266,289)    -1.2669
 (286,289)    -1.0971
 (288,289)    -1.2668
 (289,289)    44.5166
 (291,289)    -0.0024
 (292,289)    -1.0950
 (294,289)     1.2644
 (313,289)    -1.0972
 (314,289)     1.2669
 (265,290)     1.2669
 (266,290)     1.4629
 (287,290)    -0.3657
 (290,290)    46.6947
 (293,290)    -0.3650
 (313,290)    -1.2669
 (314,290)     1.4629
 (267,291)    -0.3657
 (286,291)     1.2668
 (288,291)     1.4627
 (289,291)    -0.0024
 (291,291)    46.6923
 (292,291)    -1.2644
 (294,291)     1.4600
 (315,291)    -0.3657
 (268,292)    -1.0954
 (269,292)    -1.2649
 (289,292)    -1.0950
 (291,292)    -1.2644
 (292,292)    49.7347
 (293,292)    -0.0003
 (294,292)     0.0005
 (295,292)    -1.0954
 (297,292)     1.2649
 (316,292)    -1.0951
 (317,292)     1.2646
 (268,293)     1.2649
 (269,293)     1.4606
 (290,293)    -0.3650
 (292,293)    -0.0003
 (293,293)    51.9366
 (296,293)    -0.3651
 (316,293)    -1.2646
 (317,293)     1.4602
 (270,294)    -0.3651
 (289,294)     1.2644
 (291,294)     1.4600
 (292,294)     0.0005
 (294,294)    51.9364
 (295,294)    -1.2649
 (297,294)     1.4606
 (318,294)    -0.3650
 (271,295)    -1.0914
 (272,295)    -1.2602
 (292,295)    -1.0954
 (294,295)    -1.2649
 (295,295)    53.2454
 (296,295)     0.0047
 (297,295)    -0.0047
 (298,295)    -1.0914
 (300,295)     1.2602
 (319,295)    -1.0954
 (320,295)     1.2649
 (271,296)     1.2602
 (272,296)     1.4552
 (293,296)    -0.3651
 (295,296)     0.0047
 (296,296)    55.4268
 (299,296)    -0.3638
 (319,296)    -1.2649
 (320,296)     1.4606
 (273,297)    -0.3638
 (292,297)     1.2649
 (294,297)     1.4606
 (295,297)    -0.0047
 (297,297)    55.4268
 (298,297)    -1.2602
 (300,297)     1.4552
 (321,297)    -0.3651
 (274,298)    -0.9440
 (275,298)    -1.0900
 (295,298)    -1.0914
 (297,298)    -1.2602
 (298,298)    52.9424
 (299,298)     0.1703
 (300,298)    -0.1703
 (301,298)    -0.9440
 (303,298)     1.0900
 (322,298)    -1.0914
 (323,298)     1.2602
 (274,299)     1.0900
 (275,299)     1.2586
 (296,299)    -0.3638
 (298,299)     0.1703
 (299,299)    55.1744
 (302,299)    -0.3147
 (322,299)    -1.2602
 (323,299)     1.4552
 (276,300)    -0.3147
 (295,300)     1.2602
 (297,300)     1.4552
 (298,300)    -0.1703
 (300,300)    55.1744
 (301,300)    -1.0900
 (303,300)     1.2586
 (324,300)    -0.3638
 (277,301)    -0.8316
 (278,301)    -0.9602
 (298,301)    -0.9440
 (300,301)    -1.0900
 (301,301)    42.5495
 (303,301)     0.8305
 (325,301)    -0.8316
 (326,301)     0.9602
 (277,302)     0.9602
 (278,302)     1.1088
 (299,302)    -0.3147
 (302,302)    43.5834
 (325,302)    -0.9602
 (326,302)     1.1088
 (279,303)    -0.2772
 (298,303)     1.0900
 (300,303)     1.2586
 (301,303)     0.8305
 (303,303)    44.5273
 (327,303)    -0.2772
 (280,304)    -0.5485
 (281,304)    -0.6334
 (304,304)    22.6270
 (305,304)    -0.0012
 (306,304)     1.6927
 (307,304)    -1.4660
 (309,304)     1.6927
 (331,304)    -0.5475
 (332,304)     0.6322
 (280,305)     0.6334
 (281,305)     0.7314
 (304,305)    -0.0012
 (305,305)    23.4691
 (308,305)    -0.4887
 (331,305)    -0.6322
 (332,305)     0.7300
 (282,306)    -0.1828
 (304,306)     1.6927
 (306,306)    28.2010
 (307,306)    -1.6927
 (309,306)     1.9546
 (333,306)    -0.1825
 (283,307)    -1.0972
 (284,307)    -1.2669
 (304,307)    -1.4660
 (306,307)    -1.6927
 (307,307)    53.1495
 (308,307)     0.0002
 (309,307)    -0.4256
 (310,307)    -1.0974
 (312,307)     1.2671
 (334,307)    -1.0974
 (335,307)     1.2671
 (283,308)     1.2669
 (284,308)     1.4629
 (305,308)    -0.4887
 (307,308)     0.0002
 (308,308)    55.1161
 (311,308)    -0.3658
 (334,308)    -1.2671
 (335,308)     1.4631
 (285,309)    -0.3657
 (304,309)     1.6927
 (306,309)     1.9546
 (307,309)    -0.4256
 (309,309)    55.4849
 (310,309)    -1.2671
 (312,309)     1.4631
 (336,309)    -0.3658
 (286,310)    -1.0972
 (287,310)    -1.2670
 (307,310)    -1.0974
 (309,310)    -1.2671
 (310,310)    46.3255
 (311,310)     0.0002
 (313,310)    -1.0974
 (315,310)     1.2671
 (337,310)    -1.0974
 (338,310)     1.2671
 (286,311)     1.2670
 (287,311)     1.4629
 (308,311)    -0.3658
 (310,311)     0.0002
 (311,311)    48.5026
 (314,311)    -0.3658
 (337,311)    -1.2671
 (338,311)     1.4631
 (288,312)    -0.3657
 (307,312)     1.2671
 (309,312)     1.4631
 (312,312)    48.5028
 (313,312)    -1.2671
 (315,312)     1.4631
 (339,312)    -0.3658
 (289,313)    -1.0972
 (290,313)    -1.2669
 (310,313)    -1.0974
 (312,313)    -1.2671
 (313,313)    52.7809
 (314,313)     0.0002
 (316,313)    -1.0974
 (318,313)     1.2671
 (340,313)    -1.0974
 (341,313)     1.2671
 (289,314)     1.2669
 (290,314)     1.4629
 (311,314)    -0.3658
 (313,314)     0.0002
 (314,314)    54.9933
 (317,314)    -0.3658
 (340,314)    -1.2671
 (341,314)     1.4631
 (291,315)    -0.3657
 (310,315)     1.2671
 (312,315)     1.4631
 (315,315)    54.9934
 (316,315)    -1.2671
 (318,315)     1.4631
 (342,315)    -0.3658
 (292,316)    -1.0951
 (293,316)    -1.2646
 (313,316)    -1.0974
 (315,316)    -1.2671
 (316,316)    46.3212
 (317,316)     0.0026
 (318,316)    -0.0026
 (319,316)    -1.0951
 (321,316)     1.2646
 (343,316)    -1.0974
 (344,316)     1.2671
 (292,317)     1.2646
 (293,317)     1.4602
 (314,317)    -0.3658
 (316,317)     0.0026
 (317,317)    48.4991
 (320,317)    -0.3650
 (343,317)    -1.2671
 (344,317)     1.4631
 (294,318)    -0.3650
 (313,318)     1.2671
 (315,318)     1.4631
 (316,318)    -0.0026
 (318,318)    48.4991
 (319,318)    -1.2646
 (321,318)     1.4602
 (345,318)    -0.3658
 (295,319)    -1.0954
 (296,319)    -1.2649
 (316,319)    -1.0951
 (318,319)    -1.2646
 (319,319)    49.7347
 (320,319)    -0.0005
 (321,319)     0.0003
 (322,319)    -1.0954
 (324,319)     1.2649
 (346,319)    -1.0950
 (347,319)     1.2644
 (295,320)     1.2649
 (296,320)     1.4606
 (317,320)    -0.3650
 (319,320)    -0.0005
 (320,320)    51.9364
 (323,320)    -0.3651
 (346,320)    -1.2644
 (347,320)     1.4600
 (297,321)    -0.3651
 (316,321)     1.2646
 (318,321)     1.4602
 (319,321)     0.0003
 (321,321)    51.9366
 (322,321)    -1.2649
 (324,321)     1.4606
 (348,321)    -0.3650
 (298,322)    -1.0914
 (299,322)    -1.2602
 (319,322)    -1.0954
 (321,322)    -1.2649
 (322,322)    53.1002
 (323,322)     0.0072
 (324,322)    -0.1749
 (325,322)    -0.9440
 (327,322)     1.0900
 (349,322)    -1.0977
 (350,322)     1.2675
 (298,323)     1.2602
 (299,323)     1.4552
 (320,323)    -0.3651
 (322,323)     0.0072
 (323,323)    55.3807
 (326,323)    -0.3147
 (349,323)    -1.2675
 (350,323)     1.4636
 (300,324)    -0.3638
 (319,324)     1.2649
 (321,324)     1.4606
 (322,324)    -0.1749
 (324,324)    55.2310
 (325,324)    -1.0900
 (327,324)     1.2586
 (351,324)    -0.3659
 (301,325)    -0.8316
 (302,325)    -0.9602
 (322,325)    -0.9440
 (324,325)    -1.0900
 (325,325)    41.8302
 (326,325)     0.1297
 (327,325)    -0.1297
 (328,325)    -0.8316
 (330,325)     0.9602
 (352,325)    -0.9440
 (353,325)     1.0900
 (301,326)     0.9602
 (302,326)     1.1088
 (323,326)    -0.3147
 (325,326)     0.1297
 (326,326)    43.4560
 (329,326)    -0.2772
 (352,326)    -1.0900
 (353,326)     1.2586
 (303,327)    -0.2772
 (322,327)     1.0900
 (324,327)     1.2586
 (325,327)    -0.1297
 (327,327)    43.4560
 (328,327)    -0.9602
 (330,327)     1.1088
 (354,327)    -0.3147
 (325,328)    -0.8316
 (327,328)    -0.9602
 (328,328)    43.2687
 (329,328)    -0.9602
 (330,328)     0.9602
 (355,328)    -0.8316
 (356,328)     0.9602
 (326,329)    -0.2772
 (328,329)    -0.9602
 (329,329)    44.6547
 (355,329)    -0.9602
 (356,329)     1.1088
 (325,330)     0.9602
 (327,330)     1.1088
 (328,330)     0.9602
 (330,330)    44.6547
 (357,330)    -0.2772
 (304,331)    -0.5475
 (305,331)    -0.6322
 (331,331)    25.8947
 (332,331)     0.0001
 (333,331)     1.6838
 (334,331)    -1.4582
 (336,331)     1.6838
 (358,331)    -0.5476
 (359,331)     0.6323
 (304,332)     0.6322
 (305,332)     0.7300
 (331,332)     0.0001
 (332,332)    26.7536
 (335,332)    -0.4861
 (358,332)    -0.6323
 (359,332)     0.7301
 (306,333)    -0.1825
 (331,333)     1.6838
 (333,333)    31.5148
 (334,333)    -1.6838
 (336,333)     1.9443
 (360,333)    -0.1825
 (307,334)    -1.0974
 (308,334)    -1.2671
 (331,334)    -1.4582
 (333,334)    -1.6838
 (334,334)    46.6865
 (336,334)    -0.4167
 (337,334)    -1.0974
 (339,334)     1.2671
 (361,334)    -1.0974
 (362,334)     1.2671
 (307,335)     1.2671
 (308,335)     1.4631
 (332,335)    -0.4861
 (335,335)    48.6231
 (338,335)    -0.3658
 (361,335)    -1.2671
 (362,335)     1.4631
 (309,336)    -0.3658
 (331,336)     1.6838
 (333,336)     1.9443
 (334,336)    -0.4167
 (336,336)    48.9840
 (337,336)    -1.2671
 (339,336)     1.4631
 (363,336)    -0.3658
 (310,337)    -1.0974
 (311,337)    -1.2671
 (334,337)    -1.0974
 (336,337)    -1.2671
 (337,337)    52.7809
 (338,337)    -0.0002
 (340,337)    -1.0974
 (342,337)     1.2671
 (364,337)    -1.0972
 (365,337)     1.2669
 (310,338)     1.2671
 (311,338)     1.4631
 (335,338)    -0.3658
 (337,338)    -0.0002
 (338,338)    54.9933
 (341,338)    -0.3658
 (364,338)    -1.2669
 (365,338)     1.4629
 (312,339)    -0.3658
 (334,339)     1.2671
 (336,339)     1.4631
 (339,339)    54.9934
 (340,339)    -1.2671
 (342,339)     1.4631
 (366,339)    -0.3657
 (313,340)    -1.0974
 (314,340)    -1.2671
 (337,340)    -1.0974
 (339,340)    -1.2671
 (340,340)    46.3256
 (343,340)    -1.0974
 (345,340)     1.2671
 (367,340)    -1.0974
 (368,340)     1.2671
 (313,341)     1.2671
 (314,341)     1.4631
 (338,341)    -0.3658
 (341,341)    48.5028
 (344,341)    -0.3658
 (367,341)    -1.2671
 (368,341)     1.4631
 (315,342)    -0.3658
 (337,342)     1.2671
 (339,342)     1.4631
 (342,342)    48.5028
 (343,342)    -1.2671
 (345,342)     1.4631
 (369,342)    -0.3658
 (316,343)    -1.0974
 (317,343)    -1.2671
 (340,343)    -1.0974
 (342,343)    -1.2671
 (343,343)    52.7809
 (345,343)    -0.0002
 (346,343)    -1.0972
 (348,343)     1.2669
 (370,343)    -1.0974
 (371,343)     1.2671
 (316,344)     1.2671
 (317,344)     1.4631
 (341,344)    -0.3658
 (344,344)    54.9934
 (347,344)    -0.3657
 (370,344)    -1.2671
 (371,344)     1.4631
 (318,345)    -0.3658
 (340,345)     1.2671
 (342,345)     1.4631
 (343,345)    -0.0002
 (345,345)    54.9933
 (346,345)    -1.2669
 (348,345)     1.4629
 (372,345)    -0.3658
 (319,346)    -1.0950
 (320,346)    -1.2644
 (343,346)    -1.0972
 (345,346)    -1.2669
 (346,346)    44.5166
 (347,346)     0.0024
 (349,346)    -1.0972
 (351,346)     1.2669
 (373,346)    -1.0971
 (374,346)     1.2668
 (319,347)     1.2644
 (320,347)     1.4600
 (344,347)    -0.3657
 (346,347)     0.0024
 (347,347)    46.6923
 (350,347)    -0.3657
 (373,347)    -1.2668
 (374,347)     1.4627
 (321,348)    -0.3650
 (343,348)     1.2669
 (345,348)     1.4629
 (348,348)    46.6947
 (349,348)    -1.2669
 (351,348)     1.4629
 (375,348)    -0.3657
 (322,349)    -1.0977
 (323,349)    -1.2675
 (346,349)    -1.0972
 (348,349)    -1.2669
 (349,349)    52.7813
 (350,349)    -0.0005
 (351,349)     0.0005
 (352,349)    -1.0977
 (354,349)     1.2675
 (376,349)    -1.0972
 (377,349)     1.2669
 (322,350)     1.2675
 (323,350)     1.4636
 (347,350)    -0.3657
 (349,350)    -0.0005
 (350,350)    54.9937
 (353,350)    -0.3659
 (376,350)    -1.2669
 (377,350)     1.4629
 (324,351)    -0.3659
 (346,351)     1.2669
 (348,351)     1.4629
 (349,351)     0.0005
 (351,351)    54.9937
 (352,351)    -1.2675
 (354,351)     1.4636
 (378,351)    -0.3657
 (325,352)    -0.9440
 (326,352)    -1.0900
 (349,352)    -1.0977
 (351,352)    -1.2675
 (352,352)    52.9487
 (353,352)     0.1703
 (354,352)    -0.1775
 (355,352)    -0.9440
 (357,352)     1.0900
 (379,352)    -1.0914
 (380,352)     1.2602
 (325,353)     1.0900
 (326,353)     1.2586
 (350,353)    -0.3659
 (352,353)     0.1703
 (353,353)    55.1764
 (356,353)    -0.3147
 (379,353)    -1.2602
 (380,353)     1.4552
 (327,354)    -0.3147
 (349,354)     1.2675
 (351,354)     1.4636
 (352,354)    -0.1775
 (354,354)    55.1827
 (355,354)    -1.0900
 (357,354)     1.2586
 (381,354)    -0.3638
 (328,355)    -0.8316
 (329,355)    -0.9602
 (352,355)    -0.9440
 (354,355)    -1.0900
 (355,355)    42.5495
 (357,355)     0.8305
 (382,355)    -0.8316
 (383,355)     0.9602
 (328,356)     0.9602
 (329,356)     1.1088
 (353,356)    -0.3147
 (356,356)    43.5834
 (382,356)    -0.9602
 (383,356)     1.1088
 (330,357)    -0.2772
 (352,357)     1.0900
 (354,357)     1.2586
 (355,357)     0.8305
 (357,357)    44.5273
 (384,357)    -0.2772
 (331,358)    -0.5476
 (332,358)    -0.6323
 (358,358)    23.5304
 (359,358)     0.0013
 (360,358)     1.6929
 (361,358)    -1.4661
 (363,358)     1.6929
 (385,358)    -0.5487
 (386,358)     0.6336
 (331,359)     0.6323
 (332,359)     0.7301
 (358,359)     0.0013
 (359,359)    24.3728
 (362,359)    -0.4887
 (385,359)    -0.6336
 (386,359)     0.7316
 (333,360)    -0.1825
 (358,360)     1.6929
 (360,360)    29.1059
 (361,360)    -1.6929
 (363,360)     1.9548
 (387,360)    -0.1829
 (334,361)    -1.0974
 (335,361)    -1.2671
 (358,361)    -1.4661
 (360,361)    -1.6929
 (361,361)    53.1495
 (362,361)    -0.0002
 (363,361)    -0.4259
 (364,361)    -1.0972
 (366,361)     1.2669
 (388,361)    -1.0972
 (389,361)     1.2669
 (334,362)     1.2671
 (335,362)     1.4631
 (359,362)    -0.4887
 (361,362)    -0.0002
 (362,362)    55.1161
 (365,362)    -0.3657
 (388,362)    -1.2669
 (389,362)     1.4629
 (336,363)    -0.3658
 (358,363)     1.6929
 (360,363)     1.9548
 (361,363)    -0.4259
 (363,363)    55.4848
 (364,363)    -1.2669
 (366,363)     1.4629
 (390,363)    -0.3657
 (337,364)    -1.0972
 (338,364)    -1.2669
 (361,364)    -1.0972
 (363,364)    -1.2669
 (364,364)    44.5189
 (367,364)    -1.0972
 (369,364)     1.2669
 (391,364)    -1.0972
 (392,364)     1.2669
 (337,365)     1.2669
 (338,365)     1.4629
 (362,365)    -0.3657
 (365,365)    46.6955
 (368,365)    -0.3657
 (391,365)    -1.2669
 (392,365)     1.4629
 (339,366)    -0.3657
 (361,366)     1.2669
 (363,366)     1.4629
 (366,366)    46.6955
 (367,366)    -1.2669
 (369,366)     1.4629
 (393,366)    -0.3657
 (340,367)    -1.0974
 (341,367)    -1.2671
 (364,367)    -1.0972
 (366,367)    -1.2669
 (367,367)    52.7809
 (369,367)     0.0002
 (370,367)    -1.0974
 (372,367)     1.2671
 (394,367)    -1.0974
 (395,367)     1.2671
 (340,368)     1.2671
 (341,368)     1.4631
 (365,368)    -0.3657
 (368,368)    54.9934
 (371,368)    -0.3658
 (394,368)    -1.2671
 (395,368)     1.4631
 (342,369)    -0.3658
 (364,369)     1.2669
 (366,369)     1.4629
 (367,369)     0.0002
 (369,369)    54.9933
 (370,369)    -1.2671
 (372,369)     1.4631
 (396,369)    -0.3658
 (343,370)    -1.0974
 (344,370)    -1.2671
 (367,370)    -1.0974
 (369,370)    -1.2671
 (370,370)    46.3255
 (372,370)    -0.0002
 (373,370)    -1.0972
 (375,370)     1.2670
 (397,370)    -1.0974
 (398,370)     1.2671
 (343,371)     1.2671
 (344,371)     1.4631
 (368,371)    -0.3658
 (371,371)    48.5028
 (374,371)    -0.3657
 (397,371)    -1.2671
 (398,371)     1.4631
 (345,372)    -0.3658
 (367,372)     1.2671
 (369,372)     1.4631
 (370,372)    -0.0002
 (372,372)    48.5026
 (373,372)    -1.2670
 (375,372)     1.4629
 (399,372)    -0.3658
 (346,373)    -1.0971
 (347,373)    -1.2668
 (370,373)    -1.0972
 (372,373)    -1.2670
 (373,373)    51.4508
 (375,373)    -0.0002
 (376,373)    -1.0971
 (378,373)     1.2668
 (400,373)    -1.0971
 (401,373)     1.2668
 (346,374)     1.2668
 (347,374)     1.4627
 (371,374)    -0.3657
 (374,374)    53.6626
 (377,374)    -0.3657
 (400,374)    -1.2668
 (401,374)     1.4627
 (348,375)    -0.3657
 (370,375)     1.2670
 (372,375)     1.4629
 (373,375)    -0.0002
 (375,375)    53.6627
 (376,375)    -1.2668
 (378,375)     1.4627
 (402,375)    -0.3657
 (349,376)    -1.0972
 (350,376)    -1.2669
 (373,376)    -1.0971
 (375,376)    -1.2668
 (376,376)    44.5058
 (377,376)    -0.0077
 (378,376)    -0.0071
 (379,376)    -1.0909
 (381,376)     1.2597
 (403,376)    -1.0905
 (404,376)     1.2592
 (349,377)     1.2669
 (350,377)     1.4629
 (374,377)    -0.3657
 (376,377)    -0.0077
 (377,377)    46.6844
 (380,377)    -0.3636
 (403,377)    -1.2592
 (404,377)     1.4540
 (351,378)    -0.3657
 (373,378)     1.2668
 (375,378)     1.4627
 (376,378)    -0.0071
 (378,378)    46.6847
 (379,378)    -1.2597
 (381,378)     1.4546
 (405,378)    -0.3635
 (352,379)    -1.0914
 (353,379)    -1.2602
 (376,379)    -1.0909
 (378,379)    -1.2597
 (379,379)    53.0894
 (381,379)    -0.1697
 (382,379)    -0.9440
 (384,379)     1.0900
 (406,379)    -1.0914
 (407,379)     1.2602
 (352,380)     1.2602
 (353,380)     1.4552
 (377,380)    -0.3636
 (380,380)    55.3708
 (383,380)    -0.3147
 (406,380)    -1.2602
 (407,380)     1.4552
 (354,381)    -0.3638
 (376,381)     1.2597
 (378,381)     1.4546
 (379,381)    -0.1697
 (381,381)    55.2229
 (382,381)    -1.0900
 (384,381)     1.2586
 (408,381)    -0.3638
 (355,382)    -0.8316
 (356,382)    -0.9602
 (379,382)    -0.9440
 (381,382)    -1.0900
 (382,382)    42.5495
 (384,382)     0.8305
 (409,382)    -0.8316
 (410,382)     0.9602
 (355,383)     0.9602
 (356,383)     1.1088
 (380,383)    -0.3147
 (383,383)    43.5834
 (409,383)    -0.9602
 (410,383)     1.1088
 (357,384)    -0.2772
 (379,384)     1.0900
 (381,384)     1.2586
 (382,384)     0.8305
 (384,384)    44.5273
 (411,384)    -0.2772
 (358,385)    -0.5487
 (359,385)    -0.6336
 (385,385)    26.9374
 (386,385)     0.2128
 (387,385)     1.6858
 (388,385)    -1.4600
 (390,385)     1.6858
 (412,385)    -0.7330
 (413,385)     0.8464
 (358,386)     0.6336
 (359,386)     0.7316
 (385,386)     0.2128
 (386,386)    27.8633
 (389,386)    -0.4867
 (412,386)    -0.8464
 (413,386)     0.9773
 (360,387)    -0.1829
 (385,387)     1.6858
 (387,387)    32.4576
 (388,387)    -1.6858
 (390,387)     1.9466
 (414,387)    -0.2443
 (361,388)    -1.0972
 (362,388)    -1.2669
 (385,388)    -1.4600
 (387,388)    -1.6858
 (388,388)    45.2444
 (389,388)     0.4189
 (390,388)    -0.4189
 (391,388)    -1.0972
 (393,388)     1.2669
 (415,388)    -1.4600
 (416,388)     1.6858
 (361,389)     1.2669
 (362,389)     1.4629
 (386,389)    -0.4867
 (388,389)     0.4189
 (389,389)    47.3000
 (392,389)    -0.3657
 (415,389)    -1.6858
 (416,389)     1.9466
 (363,390)    -0.3657
 (385,390)     1.6858
 (387,390)     1.9466
 (388,390)    -0.4189
 (390,390)    47.3000
 (391,390)    -1.2669
 (393,390)     1.4629
 (417,390)    -0.4867
 (364,391)    -1.0972
 (365,391)    -1.2669
 (388,391)    -1.0972
 (390,391)    -1.2669
 (391,391)    53.1495
 (392,391)     0.4259
 (393,391)     0.0002
 (394,391)    -1.0974
 (396,391)     1.2671
 (418,391)    -1.4661
 (419,391)     1.6929
 (364,392)     1.2669
 (365,392)     1.4629
 (389,392)    -0.3657
 (391,392)     0.4259
 (392,392)    55.4848
 (395,392)    -0.3658
 (418,392)    -1.6929
 (419,392)     1.9548
 (366,393)    -0.3657
 (388,393)     1.2669
 (390,393)     1.4629
 (391,393)     0.0002
 (393,393)    55.1161
 (394,393)    -1.2671
 (396,393)     1.4631
 (420,393)    -0.4887
 (367,394)    -1.0974
 (368,394)    -1.2671
 (391,394)    -1.0974
 (393,394)    -1.2671
 (394,394)    46.6865
 (395,394)     0.4167
 (397,394)    -1.0974
 (399,394)     1.2671
 (421,394)    -1.4582
 (422,394)     1.6838
 (367,395)     1.2671
 (368,395)     1.4631
 (392,395)    -0.3658
 (394,395)     0.4167
 (395,395)    48.9840
 (398,395)    -0.3658
 (421,395)    -1.6838
 (422,395)     1.9443
 (369,396)    -0.3658
 (391,396)     1.2671
 (393,396)     1.4631
 (396,396)    48.6231
 (397,396)    -1.2671
 (399,396)     1.4631
 (423,396)    -0.4861
 (370,397)    -1.0974
 (371,397)    -1.2671
 (394,397)    -1.0974
 (396,397)    -1.2671
 (397,397)    53.1495
 (398,397)     0.4256
 (399,397)    -0.0002
 (400,397)    -1.0972
 (402,397)     1.2669
 (424,397)    -1.4660
 (425,397)     1.6927
 (370,398)     1.2671
 (371,398)     1.4631
 (395,398)    -0.3658
 (397,398)     0.4256
 (398,398)    55.4849
 (401,398)    -0.3657
 (424,398)    -1.6927
 (425,398)     1.9546
 (372,399)    -0.3658
 (394,399)     1.2671
 (396,399)     1.4631
 (397,399)    -0.0002
 (399,399)    55.1161
 (400,399)    -1.2669
 (402,399)     1.4629
 (426,399)    -0.4887
 (373,400)    -1.0971
 (374,400)    -1.2668
 (397,400)    -1.0972
 (399,400)    -1.2669
 (400,400)    44.8747
 (401,400)     0.4189
 (402,400)    -0.0077
 (403,400)    -1.0905
 (405,400)     1.2592
 (427,400)    -1.4598
 (428,400)     1.6857
 (373,401)     1.2668
 (374,401)     1.4627
 (398,401)    -0.3657
 (400,401)     0.4189
 (401,401)    47.1765
 (404,401)    -0.3635
 (427,401)    -1.6857
 (428,401)     1.9464
 (375,402)    -0.3657
 (397,402)     1.2669
 (399,402)     1.4629
 (400,402)    -0.0077
 (402,402)    46.8073
 (403,402)    -1.2592
 (405,402)     1.4540
 (429,402)    -0.4866
 (376,403)    -1.0905
 (377,403)    -1.2592
 (400,403)    -1.0905
 (402,403)    -1.2592
 (403,403)    44.8561
 (404,403)     0.4197
 (405,403)     0.0005
 (406,403)    -1.0909
 (408,403)     1.2597
 (430,403)    -1.4540
 (431,403)     1.6789
 (376,404)     1.2592
 (377,404)     1.4540
 (401,404)    -0.3635
 (403,404)     0.4197
 (404,404)    47.1579
 (407,404)    -0.3636
 (430,404)    -1.6789
 (431,404)     1.9387
 (378,405)    -0.3635
 (400,405)     1.2592
 (402,405)     1.4540
 (403,405)     0.0005
 (405,405)    46.7949
 (406,405)    -1.2597
 (408,405)     1.4546
 (432,405)    -0.4847
 (379,406)    -1.0914
 (380,406)    -1.2602
 (403,406)    -1.0909
 (405,406)    -1.2597
 (406,406)    53.4532
 (407,406)     0.4201
 (408,406)    -0.1697
 (409,406)    -0.9440
 (411,406)     1.0900
 (433,406)    -1.4552
 (434,406)     1.6803
 (379,407)     1.2602
 (380,407)     1.4552
 (404,407)    -0.3636
 (406,407)     0.4201
 (407,407)    55.8559
 (410,407)    -0.3147
 (433,407)    -1.6803
 (434,407)     1.9403
 (381,408)    -0.3638
 (403,408)     1.2597
 (405,408)     1.4546
 (406,408)    -0.1697
 (408,408)    55.3442
 (409,408)    -1.0900
 (411,408)     1.2586
 (435,408)    -0.4851
 (382,409)    -0.8316
 (383,409)    -0.9602
 (406,409)    -0.9440
 (408,409)    -1.0900
 (409,409)    42.8267
 (410,409)     0.3201
 (411,409)     0.8305
 (436,409)    -1.1088
 (437,409)     1.2803
 (382,410)     0.9602
 (383,410)     1.1088
 (407,410)    -0.3147
 (409,410)     0.3201
 (410,410)    43.9530
 (436,410)    -1.2803
 (437,410)     1.4784
 (384,411)    -0.2772
 (406,411)     1.0900
 (408,411)     1.2586
 (409,411)     0.8305
 (411,411)    44.6197
 (438,411)    -0.3696
 (385,412)    -0.7330
 (386,412)    -0.8464
 (412,412)    11.4985
 (413,412)    -0.8464
 (414,412)     0.8464
 (415,412)    -0.7330
 (417,412)     0.8464
 (385,413)     0.8464
 (386,413)     0.9773
 (412,413)    -0.8464
 (413,413)    14.1622
 (416,413)    -0.2443
 (387,414)    -0.2443
 (412,414)     0.8464
 (414,414)    14.1622
 (415,414)    -0.8464
 (417,414)     0.9773
 (388,415)    -1.4600
 (389,415)    -1.6858
 (412,415)    -0.7330
 (414,415)    -0.8464
 (415,415)    26.9374
 (416,415)    -1.6858
 (417,415)    -0.2128
 (418,415)    -0.5487
 (420,415)     0.6336
 (388,416)     1.6858
 (389,416)     1.9466
 (413,416)    -0.2443
 (415,416)    -1.6858
 (416,416)    32.4576
 (419,416)    -0.1829
 (390,417)    -0.4867
 (412,417)     0.8464
 (414,417)     0.9773
 (415,417)    -0.2128
 (417,417)    27.8633
 (418,417)    -0.6336
 (420,417)     0.7316
 (391,418)    -1.4661
 (392,418)    -1.6929
 (415,418)    -0.5487
 (417,418)    -0.6336
 (418,418)    23.5304
 (419,418)    -1.6929
 (420,418)    -0.0013
 (421,418)    -0.5476
 (423,418)     0.6323
 (391,419)     1.6929
 (392,419)     1.9548
 (416,419)    -0.1829
 (418,419)    -1.6929
 (419,419)    29.1059
 (422,419)    -0.1825
 (393,420)    -0.4887
 (415,420)     0.6336
 (417,420)     0.7316
 (418,420)    -0.0013
 (420,420)    24.3728
 (421,420)    -0.6323
 (423,420)     0.7301
 (394,421)    -1.4582
 (395,421)    -1.6838
 (418,421)    -0.5476
 (420,421)    -0.6323
 (421,421)    25.8947
 (422,421)    -1.6838
 (423,421)    -0.0001
 (424,421)    -0.5475
 (426,421)     0.6322
 (394,422)     1.6838
 (395,422)     1.9443
 (419,422)    -0.1825
 (421,422)    -1.6838
 (422,422)    31.5148
 (425,422)    -0.1825
 (396,423)    -0.4861
 (418,423)     0.6323
 (420,423)     0.7301
 (421,423)    -0.0001
 (423,423)    26.7536
 (424,423)    -0.6322
 (426,423)     0.7300
 (397,424)    -1.4660
 (398,424)    -1.6927
 (421,424)    -0.5475
 (423,424)    -0.6322
 (424,424)    22.6270
 (425,424)    -1.6927
 (426,424)     0.0012
 (427,424)    -0.5485
 (429,424)     0.6334
 (397,425)     1.6927
 (398,425)     1.9546
 (422,425)    -0.1825
 (424,425)    -1.6927
 (425,425)    28.2010
 (428,425)    -0.1828
 (399,426)    -0.4887
 (421,426)     0.6322
 (423,426)     0.7300
 (424,426)     0.0012
 (426,426)    23.4691
 (427,426)    -0.6334
 (429,426)     0.7314
 (400,427)    -1.4598
 (401,427)    -1.6857
 (424,427)    -0.5485
 (426,427)    -0.6334
 (427,427)    26.0881
 (428,427)    -1.6857
 (430,427)    -0.5485
 (432,427)     0.6334
 (400,428)     1.6857
 (401,428)     1.9464
 (425,428)    -0.1828
 (427,428)    -1.6857
 (428,428)    31.7297
 (431,428)    -0.1828
 (402,429)    -0.4866
 (424,429)     0.6334
 (426,429)     0.7314
 (429,429)    26.9522
 (430,429)    -0.6334
 (432,429)     0.7314
 (403,430)    -1.4540
 (404,430)    -1.6789
 (427,430)    -0.5485
 (429,430)    -0.6334
 (430,430)    22.6131
 (431,430)    -1.6789
 (432,430)    -0.0035
 (433,430)    -0.5455
 (435,430)     0.6299
 (403,431)     1.6789
 (404,431)     1.9387
 (428,431)    -0.1828
 (430,431)    -1.6789
 (431,431)    28.1844
 (434,431)    -0.1818
 (405,432)    -0.4847
 (427,432)     0.6334
 (429,432)     0.7314
 (430,432)    -0.0035
 (432,432)    23.4624
 (433,432)    -0.6299
 (435,432)     0.7273
 (406,433)    -1.4552
 (407,433)    -1.6803
 (430,433)    -0.5455
 (432,433)    -0.6299
 (433,433)    26.9085
 (434,433)    -1.6803
 (435,433)    -0.0849
 (436,433)    -0.4720
 (438,433)     0.5450
 (406,434)     1.6803
 (407,434)     1.9403
 (431,434)    -0.1818
 (433,434)    -1.6803
 (434,434)    32.5361
 (437,434)    -0.1573
 (408,435)    -0.4851
 (430,435)     0.6299
 (432,435)     0.7273
 (433,435)    -0.0849
 (435,435)    27.7327
 (436,435)    -0.5450
 (438,435)     0.6293
 (409,436)    -1.1088
 (410,436)    -1.2803
 (433,436)    -0.4720
 (435,436)    -0.5450
 (436,436)    21.5519
 (437,436)    -1.2803
 (438,436)     0.4153
 (409,437)     1.2803
 (410,437)     1.4784
 (434,437)    -0.1573
 (436,437)    -1.2803
 (437,437)    25.4877
 (411,438)    -0.3696
 (433,438)     0.5450
 (435,438)     0.6293
 (436,438)     0.4153
 (438,438)    22.3561

spy(A)
figure, spy(A)
ls
biblis2.mat			diary				matrixes_structured_10cm.m
biblis5.mat			matrices transitorio		myproduct.m
crea_matriz.m			matrices transitorio.zip	prodNucleCgs.m

pwd

ans =

    '/Users/zhon/Documents/MCPD/ACCI'

prodNucleCgs(L21,L22,L11,M11,M12,x)
{Undefined function or variable 'x'.
} 
x=rand(219,1)

x =

    0.8147
    0.9058
    0.1270
    0.9134
    0.6324
    0.0975
    0.2785
    0.5469
    0.9575
    0.9649
    0.1576
    0.9706
    0.9572
    0.4854
    0.8003
    0.1419
    0.4218
    0.9157
    0.7922
    0.9595
    0.6557
    0.0357
    0.8491
    0.9340
    0.6787
    0.7577
    0.7431
    0.3922
    0.6555
    0.1712
    0.7060
    0.0318
    0.2769
    0.0462
    0.0971
    0.8235
    0.6948
    0.3171
    0.9502
    0.0344
    0.4387
    0.3816
    0.7655
    0.7952
    0.1869
    0.4898
    0.4456
    0.6463
    0.7094
    0.7547
    0.2760
    0.6797
    0.6551
    0.1626
    0.1190
    0.4984
    0.9597
    0.3404
    0.5853
    0.2238
    0.7513
    0.2551
    0.5060
    0.6991
    0.8909
    0.9593
    0.5472
    0.1386
    0.1493
    0.2575
    0.8407
    0.2543
    0.8143
    0.2435
    0.9293
    0.3500
    0.1966
    0.2511
    0.6160
    0.4733
    0.3517
    0.8308
    0.5853
    0.5497
    0.9172
    0.2858
    0.7572
    0.7537
    0.3804
    0.5678
    0.0759
    0.0540
    0.5308
    0.7792
    0.9340
    0.1299
    0.5688
    0.4694
    0.0119
    0.3371
    0.1622
    0.7943
    0.3112
    0.5285
    0.1656
    0.6020
    0.2630
    0.6541
    0.6892
    0.7482
    0.4505
    0.0838
    0.2290
    0.9133
    0.1524
    0.8258
    0.5383
    0.9961
    0.0782
    0.4427
    0.1067
    0.9619
    0.0046
    0.7749
    0.8173
    0.8687
    0.0844
    0.3998
    0.2599
    0.8001
    0.4314
    0.9106
    0.1818
    0.2638
    0.1455
    0.1361
    0.8693
    0.5797
    0.5499
    0.1450
    0.8530
    0.6221
    0.3510
    0.5132
    0.4018
    0.0760
    0.2399
    0.1233
    0.1839
    0.2400
    0.4173
    0.0497
    0.9027
    0.9448
    0.4909
    0.4893
    0.3377
    0.9001
    0.3692
    0.1112
    0.7803
    0.3897
    0.2417
    0.4039
    0.0965
    0.1320
    0.9421
    0.9561
    0.5752
    0.0598
    0.2348
    0.3532
    0.8212
    0.0154
    0.0430
    0.1690
    0.6491
    0.7317
    0.6477
    0.4509
    0.5470
    0.2963
    0.7447
    0.1890
    0.6868
    0.1835
    0.3685
    0.6256
    0.7802
    0.0811
    0.9294
    0.7757
    0.4868
    0.4359
    0.4468
    0.3063
    0.5085
    0.5108
    0.8176
    0.7948
    0.6443
    0.3786
    0.8116
    0.5328
    0.3507
    0.9390
    0.8759
    0.5502
    0.6225
    0.5870
    0.2077
    0.3012
    0.4709
    0.2305
    0.8443
    0.1948
    0.2259
    0.1707
    0.2277

prodNucleCgs(L21,L22,L11,M11,M12,x)
[Warning: Input tol is bigger than 1
         Try to use a smaller tolerance] 
[> In <a href="matlab:matlab.internal.language.introspective.errorDocCallback('cgs', '/Applications/MATLAB_R2018b.app/toolbox/matlab/sparfun/cgs.m', 100)" style="font-weight:bold">cgs</a> (<a href="matlab: opentoline('/Applications/MATLAB_R2018b.app/toolbox/matlab/sparfun/cgs.m',100,0)">line 100</a>)
  In <a href="matlab:matlab.internal.language.introspective.errorDocCallback('prodNucleCgs', '/Users/zhon/Documents/MCPD/ACCI/prodNucleCgs.m', 10)" style="font-weight:bold">prodNucleCgs</a> (<a href="matlab: opentoline('/Users/zhon/Documents/MCPD/ACCI/prodNucleCgs.m',10,0)">line 10</a>)] 
cgs converged at iteration 1 to a solution with relative residual 0.06.
cgs converged at iteration 11 to a solution with relative residual 2.2e-07.

ans =

   -0.0237
   -0.0183
    0.0055
   -0.0068
   -0.0013
    0.0032
   -0.0347
   -0.0309
    0.0111
    0.0218
    0.0185
    0.0152
    0.0191
    0.0144
   -0.0090
    0.0913
    0.2057
    0.1807
    0.4665
    0.3954
    0.1823
    0.1991
    0.3907
    0.2900
    0.5526
    0.3477
    0.2586
    0.1676
    0.0457
   -0.0984
    0.0372
    0.0280
   -0.0051
    0.0124
    0.0092
   -0.0064
    0.3069
    0.0849
    0.1036
    0.3498
    0.0648
    0.1544
    0.6365
    0.2659
    0.0408
    0.5389
    0.0425
    0.2032
    0.7034
    0.3535
    0.0879
    0.5743
    0.3210
   -0.0298
    0.1186
    0.0438
   -0.0615
    0.0159
    0.0112
   -0.0089
    0.4018
    0.1038
    0.0371
    0.6249
    0.3197
    0.3483
    0.6097
   -0.0170
   -0.0485
    0.3699
    0.2434
    0.0625
    0.7028
   -0.0136
    0.3147
    0.5856
   -0.0011
    0.0067
    0.4886
    0.1821
    0.0835
    0.0951
    0.0132
   -0.0766
    0.4589
    0.0121
    0.0950
    0.5823
   -0.0151
    0.1414
    0.4053
    0.0358
    0.1585
    0.5906
    0.2124
    0.0357
    0.4962
    0.1130
   -0.0501
    0.3674
    0.0019
    0.2544
    0.4502
    0.1623
    0.0074
    0.1009
    0.0122
   -0.0608
    0.0065
    0.0033
   -0.0045
    0.0856
    0.0609
    0.1286
    0.3451
    0.2683
    0.2308
    0.7038
    0.0569
    0.1242
    0.3691
    0.2629
   -0.0825
    0.5788
    0.2629
    0.2927
    0.3286
    0.1679
   -0.0007
    0.5234
    0.0664
    0.2837
    0.2278
    0.0594
   -0.0597
    0.0285
    0.0059
   -0.0221
    0.2480
    0.0130
    0.1432
    0.5569
    0.0859
    0.1673
    0.4229
   -0.0761
    0.0054
    0.2270
   -0.0315
    0.0267
    0.4903
   -0.0614
    0.3776
    0.7210
    0.1603
    0.0788
    0.3812
    0.2504
    0.0302
    0.1979
    0.2796
    0.1163
    0.0633
    0.0182
   -0.0467
    0.1644
    0.2519
    0.1730
    0.5018
   -0.0095
    0.0995
    0.3279
    0.2741
   -0.0891
    0.1580
    0.0782
    0.2423
    0.5119
    0.1869
    0.1477
    0.5875
    0.0445
    0.2141
    0.3504
    0.1869
   -0.0440
    0.3535
    0.1929
    0.2795
    0.1155
    0.0081
   -0.0901
    0.3010
    0.0173
    0.0366
    0.4076
    0.0557
    0.1639
    0.6590
    0.1129
    0.1322
    0.4065
    0.1440
    0.1025
    0.5250
    0.0882
    0.2330
    0.5661
    0.0693
    0.1170
    0.4036
    0.0119
    0.0785
    0.4300
    0.1087
    0.0551
    0.1001
   -0.0021
   -0.0708

prodNucleCgs(L21,L22,L11,M11,M12,x)
cgs converged at iteration 6 to a solution with relative residual 1.3e-05.
cgs converged at iteration 11 to a solution with relative residual 2.3e-07.

ans =

   -0.0224
   -0.0172
    0.0057
   -0.0064
   -0.0008
    0.0027
   -0.0362
   -0.0322
    0.0114
    0.0213
    0.0181
    0.0157
    0.0194
    0.0146
   -0.0091
    0.1186
    0.2219
    0.1916
    0.4882
    0.4112
    0.1819
    0.2005
    0.4004
    0.3001
    0.5582
    0.3549
    0.2666
    0.1689
    0.0452
   -0.1002
    0.0368
    0.0277
   -0.0048
    0.0125
    0.0093
   -0.0064
    0.3855
    0.1093
    0.1124
    0.3812
    0.0676
    0.1372
    0.6424
    0.2662
    0.0394
    0.5421
    0.0479
    0.2074
    0.7062
    0.3601
    0.0911
    0.5786
    0.3267
   -0.0262
    0.1198
    0.0440
   -0.0623
    0.0161
    0.0114
   -0.0090
    0.4899
    0.1140
    0.0334
    0.6546
    0.3202
    0.3330
    0.6143
   -0.0157
   -0.0478
    0.3726
    0.2434
    0.0626
    0.7041
   -0.0117
    0.3168
    0.5834
    0.0025
    0.0115
    0.4939
    0.1868
    0.0883
    0.0968
    0.0135
   -0.0780
    0.5669
    0.0168
    0.0959
    0.6185
   -0.0105
    0.1253
    0.4082
    0.0354
    0.1581
    0.5961
    0.2218
    0.0366
    0.4978
    0.1136
   -0.0498
    0.3682
    0.0033
    0.2563
    0.4498
    0.1680
    0.0113
    0.1012
    0.0118
   -0.0611
    0.0066
    0.0034
   -0.0045
    0.1112
    0.0594
    0.1395
    0.3613
    0.2673
    0.2231
    0.7119
    0.0566
    0.1274
    0.3707
    0.2637
   -0.0821
    0.5841
    0.2696
    0.2994
    0.3310
    0.1684
   -0.0009
    0.5283
    0.0718
    0.2899
    0.2285
    0.0631
   -0.0547
    0.0295
    0.0061
   -0.0229
    0.2860
    0.0123
    0.1549
    0.5766
    0.0897
    0.1606
    0.4266
   -0.0758
    0.0050
    0.2290
   -0.0283
    0.0297
    0.4927
   -0.0606
    0.3784
    0.7271
    0.1636
    0.0827
    0.3847
    0.2518
    0.0297
    0.1990
    0.2877
    0.1204
    0.0646
    0.0187
   -0.0476
    0.1966
    0.2977
    0.1850
    0.5313
    0.0026
    0.0942
    0.3558
    0.2986
   -0.0864
    0.1727
    0.0872
    0.2408
    0.5329
    0.2035
    0.1571
    0.6096
    0.0569
    0.2150
    0.3684
    0.1964
   -0.0444
    0.3676
    0.2077
    0.2871
    0.1202
    0.0096
   -0.0934
    0.4535
    0.0507
    0.0466
    0.5001
    0.0708
    0.1681
    0.8011
    0.1448
    0.1652
    0.4905
    0.1669
    0.1008
    0.6272
    0.1169
    0.2868
    0.6627
    0.0878
    0.1211
    0.4771
    0.0246
    0.0996
    0.4962
    0.1257
    0.0527
    0.1105
   -0.0011
   -0.0790

help cgs
 <strong>cgs</strong>   Conjugate Gradients Squared Method.
    X = <strong>cgs</strong>(A,B) attempts to solve the system of linear equations A*X=B for
    X. The N-by-N coefficient matrix A must be square and the right hand
    side column vector B must have length N.
 
    X = <strong>cgs</strong>(AFUN,B) accepts a function handle AFUN instead of the matrix A.
    AFUN(X) accepts a vector input X and returns the matrix-vector product
    A*X. In all of the following syntaxes, you can replace A by AFUN.
 
    X = <strong>cgs</strong>(A,B,TOL) specifies the tolerance of the method. If TOL is []
    then <strong>cgs</strong> uses the default, 1e-6.
 
    X = <strong>cgs</strong>(A,B,TOL,MAXIT) specifies the maximum number of iterations. If
    MAXIT is [] then <strong>cgs</strong> uses the default, min(N,20).
 
    X = <strong>cgs</strong>(A,B,TOL,MAXIT,M) and X = <strong>cgs</strong>(A,B,TOL,MAXIT,M1,M2) use the
    preconditioner M or M=M1*M2 and effectively solve the system
    A*inv(M)*X = B for X. If M is [] then a preconditioner is not
    applied.  M may be a function handle returning M\X.
 
    X = <strong>cgs</strong>(A,B,TOL,MAXIT,M1,M2,X0) specifies the initial guess. If X0 is
    [] then <strong>cgs</strong> uses the default, an all zero vector.
 
    [X,FLAG] = <strong>cgs</strong>(A,B,...) also returns a convergence FLAG:
     0 <strong>cgs</strong> converged to the desired tolerance TOL within MAXIT iterations.
     1 <strong>cgs</strong> iterated MAXIT times but did not converge.
     2 preconditioner M was ill-conditioned.
     3 <strong>cgs</strong> stagnated (two consecutive iterates were the same).
     4 one of the scalar quantities calculated during <strong>cgs</strong> became too
       small or too large to continue computing.
 
    [X,FLAG,RELRES] = <strong>cgs</strong>(A,B,...) also returns the relative residual
    NORM(B-A*X)/NORM(B). If FLAG is 0, then RELRES <= TOL.
 
    [X,FLAG,RELRES,ITER] = <strong>cgs</strong>(A,B,...) also returns the iteration number
    at which X was computed: 0 <= ITER <= MAXIT.
 
    [X,FLAG,RELRES,ITER,RESVEC] = <strong>cgs</strong>(A,B,...) also returns a vector of the
    residual norms at each iteration, including NORM(B-A*X0).
 
    Example:
       n = 21; A = gallery('wilk',n);  b = sum(A,2);
       tol = 1e-12;  maxit = 15; M = diag([10:-1:1 1 1:10]);
       x = cgs(A,b,tol,maxit,M);
    Or, use this matrix-vector product function
       %-----------------------------------------------------------------%
       function y = afun(x,n)
       y = [0; x(1:n-1)] + [((n-1)/2:-1:0)'; (1:(n-1)/2)'].*x+[x(2:n); 0];
       %-----------------------------------------------------------------%
    and this preconditioner backsolve function
       %------------------------------------------%
       function y = mfun(r,n)
       y = r ./ [((n-1)/2:-1:1)'; 1; (1:(n-1)/2)'];
       %------------------------------------------%
    as inputs to <strong>cgs</strong>:
       x1 = cgs(@(x)afun(x,n),b,tol,maxit,@(x)mfun(x,n));
 
    Class support for inputs A,B,M1,M2,X0 and the output of AFUN:
       float: double
 
    See also <a href="matlab:help bicg">bicg</a>, <a href="matlab:help bicgstab">bicgstab</a>, <a href="matlab:help bicgstabl">bicgstabl</a>, <a href="matlab:help gmres">gmres</a>, <a href="matlab:help lsqr">lsqr</a>, <a href="matlab:help minres">minres</a>, <a href="matlab:help pcg">pcg</a>, <a href="matlab:help qmr">qmr</a>,
    <a href="matlab:help symmlq">symmlq</a>, <a href="matlab:help tfqmr">tfqmr</a>, <a href="matlab:help ilu">ilu</a>, <a href="matlab:help function_handle">function_handle</a>.

    <a href="matlab:doc cgs">Reference page for cgs</a>

prodNucleCgs(L21,L22,L11,M11,M12,x)
cgs converged at iteration 8 to a solution with relative residual 5.3e-07.
cgs converged at iteration 11 to a solution with relative residual 2.3e-07.

ans =

   -0.0224
   -0.0172
    0.0057
   -0.0064
   -0.0008
    0.0027
   -0.0362
   -0.0322
    0.0114
    0.0213
    0.0181
    0.0157
    0.0194
    0.0146
   -0.0091
    0.1186
    0.2219
    0.1916
    0.4882
    0.4112
    0.1819
    0.2005
    0.4004
    0.3001
    0.5582
    0.3549
    0.2666
    0.1689
    0.0452
   -0.1002
    0.0368
    0.0277
   -0.0048
    0.0125
    0.0093
   -0.0064
    0.3855
    0.1093
    0.1124
    0.3812
    0.0676
    0.1372
    0.6424
    0.2662
    0.0394
    0.5421
    0.0479
    0.2074
    0.7062
    0.3601
    0.0911
    0.5786
    0.3267
   -0.0262
    0.1198
    0.0440
   -0.0623
    0.0161
    0.0114
   -0.0090
    0.4899
    0.1140
    0.0334
    0.6546
    0.3202
    0.3330
    0.6143
   -0.0157
   -0.0478
    0.3726
    0.2434
    0.0626
    0.7041
   -0.0117
    0.3168
    0.5834
    0.0025
    0.0115
    0.4939
    0.1868
    0.0883
    0.0968
    0.0135
   -0.0780
    0.5669
    0.0168
    0.0959
    0.6185
   -0.0106
    0.1253
    0.4082
    0.0354
    0.1581
    0.5961
    0.2218
    0.0366
    0.4978
    0.1136
   -0.0498
    0.3682
    0.0033
    0.2563
    0.4498
    0.1680
    0.0113
    0.1012
    0.0118
   -0.0611
    0.0066
    0.0034
   -0.0045
    0.1112
    0.0594
    0.1395
    0.3613
    0.2673
    0.2231
    0.7120
    0.0566
    0.1274
    0.3707
    0.2637
   -0.0821
    0.5841
    0.2696
    0.2994
    0.3310
    0.1684
   -0.0009
    0.5283
    0.0718
    0.2899
    0.2285
    0.0631
   -0.0547
    0.0295
    0.0061
   -0.0229
    0.2860
    0.0123
    0.1549
    0.5766
    0.0897
    0.1606
    0.4266
   -0.0758
    0.0050
    0.2290
   -0.0283
    0.0297
    0.4927
   -0.0606
    0.3784
    0.7271
    0.1636
    0.0827
    0.3847
    0.2518
    0.0297
    0.1990
    0.2877
    0.1204
    0.0646
    0.0187
   -0.0476
    0.1966
    0.2977
    0.1850
    0.5313
    0.0026
    0.0942
    0.3558
    0.2986
   -0.0864
    0.1727
    0.0872
    0.2408
    0.5329
    0.2035
    0.1571
    0.6096
    0.0569
    0.2150
    0.3684
    0.1964
   -0.0444
    0.3676
    0.2077
    0.2871
    0.1202
    0.0096
   -0.0934
    0.4537
    0.0507
    0.0465
    0.5001
    0.0708
    0.1681
    0.8011
    0.1448
    0.1652
    0.4905
    0.1669
    0.1008
    0.6272
    0.1169
    0.2868
    0.6627
    0.0878
    0.1211
    0.4771
    0.0246
    0.0996
    0.4962
    0.1257
    0.0527
    0.1105
   -0.0011
   -0.0790

